676944067.184000
676944307.184000
676944547.184000
676944787.184000
676945027.184000
676945267.184000
676945507.184000
676945747.184000
676945987.184000
676946227.184000
676946467.184000
676946707.184000
676946947.184000
676947187.184000
676947427.184000
676947667.184000
676947907.184000
676948147.184000
676948387.184000
676948627.184000
676948867.184000
676949107.184000
676949347.184000
676949587.184000
676949827.184000
676950067.184000
676950307.184000
676950547.184000
676950787.184000
676951027.184000
676951267.184000
676951507.184000
676951747.184000
676951987.184000
676952227.184000
676952467.184000
676952707.184000
676952947.184000
676953187.184000
676953427.184000
676953667.184000
676953907.184000
676954147.184000
676954387.184000
676954627.184000
676954867.184000
676955107.184000
676955347.184000
676955587.184000
676955827.184000
676956067.184000
676956307.184000
676956547.184000
676956787.184000
676957027.184000
676957267.184000
676957507.184000
676957747.184000
676957987.184000
676958227.184000
676958467.184000
676958707.184000
676958947.184000
676959187.184000
676959427.184000
676959667.184000
676959907.184000
676960147.184000
676960387.184000
676960627.184000
676960867.184000
676961107.184000
676961347.184000
676961587.184000
676961827.184000
676962067.184000
676962307.184000
676962547.184000
676962787.184000
676963027.184000
676963267.184000
676963507.184000
676963747.184000
676963987.184000
676964227.184000
676964467.184000
676964707.184000
676964947.184000
676965187.184000
676965427.184000
676965667.184000
676965907.184000
676966147.184000
676966387.184000
676966627.184000
676966867.184000
676967107.184000
676967347.184000
676967587.184000
676967827.184000
676968067.184000
676968307.184000
676968547.184000
676968787.184000
676969027.184000
676969267.184000
676969507.184000
676969747.184000
676969987.184000
676970227.184000
676970467.184000
676970707.184000
676970947.184000
676971187.184000
676971427.184000
676971667.184000
676971907.184000
676972147.184000
676972387.184000
676972627.184000
676972867.184000
676973107.184000
676973347.184000
676973587.184000
676973827.184000
676974067.184000
676974307.184000
676974547.184000
676974787.184000
676975027.184000
676975267.184000
676975507.184000
676975747.184000
676975987.184000
676976227.184000
676976467.184000
676976707.184000
676976947.184000
676977187.184000
676977427.184000
676977667.184000
676977907.184000
676978147.184000
676978387.184000
676978627.184000
676978867.184000
676979107.184000
676979347.184000
676979587.184000
676979827.184000
676980067.184000
676980307.184000
676980547.184000
676980787.184000
676981027.184000
676981267.184000
676981507.184000
676981747.184000
676981987.184000
676982227.184000
676982467.184000
676982707.184000
676982947.184000
676983187.184000
676983427.184000
676983667.184000
676983907.184000
676984147.184000
676984387.184000
676984627.184000
676984867.184000
676985107.184000
676985347.184000
676985587.184000
676985827.184000
676986067.184000
676986307.184000
676986547.184000
676986787.184000
676987027.184000
676987267.184000
676987507.184000
676987747.184000
676987987.184000
676988227.184000
676988467.184000
676988707.184000
676988947.184000
676989187.184000
676989427.184000
676989667.184000
676989907.184000
676990147.184000
676990387.184000
676990627.184000
676990867.184000
676991107.184000
676991347.184000
676991587.184000
676991827.184000
676992067.184000
676992307.184000
676992547.184000
676992787.184000
676993027.184000
676993267.184000
676993507.184000
676993747.184000
676993987.184000
676994227.184000
676994467.184000
676994707.184000
676994947.184000
676995187.184000
676995427.184000
676995667.184000
676995907.184000
676996147.184000
676996387.184000
676996627.184000
676996867.184000
676997107.184000
676997347.184000
676997587.184000
676997827.184000
676998067.184000
676998307.184000
676998547.184000
676998787.184000
676999027.184000
676999267.184000
676999507.184000
676999747.184000
676999987.184000
677000227.184000
677000467.184000
677000707.184000
677000947.184000
677001187.184000
677001427.184000
677001667.184000
677001907.184000
677002147.184000
677002387.184000
677002627.184000
677002867.184000
677003107.184000
677003347.184000
677003587.184000
677003827.184000
677004067.184000
677004307.184000
677004547.184000
677004787.184000
677005027.184000
677005267.184000
677005507.184000
677005747.184000
677005987.184000
677006227.184000
677006467.184000
677006707.184000
677006947.184000
677007187.184000
677007427.184000
677007667.184000
677007907.184000
677008147.184000
677008387.184000
677008627.184000
677008867.184000
677009107.184000
677009347.184000
677009587.184000
677009827.184000
677010067.184000
677010307.184000
677010547.184000
677010787.184000
677011027.184000
677011267.184000
677011507.184000
677011747.184000
677011987.184000
677012227.184000
677012467.184000
677012707.184000
677012947.184000
677013187.184000
677013427.184000
677013667.184000
677013907.184000
677014147.184000
677014387.184000
677014627.184000
677014867.184000
677015107.184000
677015347.184000
677015587.184000
677015827.184000
677016067.184000
677016307.184000
677016547.184000
677016787.184000
677017027.184000
677017267.184000
677017507.184000
677017747.184000
677017987.184000
677018227.184000
677018467.184000
677018707.184000
677018947.184000
677019187.184000
677019427.184000
677019667.184000
677019907.184000
677020147.184000
677020387.184000
677020627.184000
677020867.184000
677021107.184000
677021347.184000
677021587.184000
677021827.184000
677022067.184000
677022307.184000
677022547.184000
677022787.184000
677023027.184000
677023267.184000
677023507.184000
677023747.184000
677023987.184000
677024227.184000
677024467.184000
677024707.184000
677024947.184000
677025187.184000
677025427.184000
677025667.184000
677025907.184000
677026147.184000
677026387.184000
677026627.184000
677026867.184000
677027107.184000
677027347.184000
677027587.184000
677027827.184000
677028067.184000
677028307.184000
677028547.184000
677028787.184000
677029027.184000
677029267.184000
677029507.184000
677029747.184000
677029987.184000
677030227.184000
677030467.184000
