-9.280511576994e+000 -1.108744026348e+002 9.036775383871e+001
-5.557763438876e+000 -1.272784131135e+002 8.727268143898e+001
-2.049137004155e+000 -1.279992555094e+002 8.696658188244e+001
1.430744082052e+000 -1.279687852995e+002 8.756424704645e+001
4.578727675683e+000 -1.274012326182e+002 8.886002185659e+001
7.241141573401e+000 -1.263503922902e+002 9.071609607620e+001
9.253681335255e+000 -1.248906946826e+002 9.301524617889e+001
8.539805939085e+000 -1.249887112314e+002 9.569353413120e+001
1.058265705047e+001 -1.210059515521e+002 9.820655174772e+001
1.058049893413e+001 -1.192272320098e+002 1.009277732647e+002
9.178259450764e+000 -1.172686796467e+002 1.032542289251e+002
6.998713963335e+000 -1.155522927195e+002 1.050978009305e+002
4.232015721317e+000 -1.142257956405e+002 1.062931581332e+002
1.184385631287e+000 -1.133871763079e+002 1.068310440191e+002
-1.951495367095e+000 -1.130145118101e+002 1.069171998259e+002
-5.140951236250e+000 -1.131409964555e+002 1.064689549562e+002
-6.023009597715e+000 -1.143823451042e+002 1.044538905707e+002
-1.079828243114e+001 -1.148737185523e+002 1.037095520681e+002
-1.276292113814e+001 -1.164169298562e+002 1.011501205521e+002
-1.382332658746e+001 -1.183385568792e+002 9.859832938073e+001
-1.399504576460e+001 -1.203927293917e+002 9.598274527650e+001
-1.330338513032e+001 -1.220952692691e+002 9.349017445594e+001
-1.174157312323e+001 -1.239798087639e+002 9.117593540450e+001
-9.613817448182e+000 -1.256362907934e+002 9.145956649180e+001
-6.532130812489e+000 -1.268772726450e+002 8.799673620548e+001
-3.136830041972e+000 -1.276501428388e+002 8.733137306277e+001
3.806538561414e-001 -1.277832823243e+002 8.762145944955e+001
3.627812571777e+000 -1.273247962321e+002 8.862976924327e+001
6.450503946132e+000 -1.263556894117e+002 9.018167081149e+001
8.677974167437e+000 -1.249542951186e+002 9.218469849970e+001
1.022492892649e+001 -1.232591263330e+002 9.494362309317e+001
1.083558754290e+001 -1.212749520036e+002 9.760398489800e+001
9.200218000848e+000 -1.191721384685e+002 1.001424425102e+002
9.549481083805e+000 -1.178077542058e+002 1.027067184938e+002
7.579697774607e+000 -1.160235082233e+002 1.046898292456e+002
4.962927185982e+000 -1.145849630122e+002 1.060695229516e+002
1.974045048765e+000 -1.136128573286e+002 1.067697730638e+002
-1.129444534110e+000 -1.131151119587e+002 1.069691209676e+002
-4.319979192559e+000 -1.130974544795e+002 1.066897767436e+002
-7.379541472854e+000 -1.136273828116e+002 1.057562344356e+002
-1.001736889298e+001 -1.146571350743e+002 1.042299478156e+002
-9.900003750512e+000 -1.161376950181e+002 1.020825212035e+002
-1.348921554945e+001 -1.177241896945e+002 9.924003930161e+001
-1.391407929942e+001 -1.197631324151e+002 9.659870638779e+001
-1.343959765178e+001 -1.218496915207e+002 9.404345063369e+001
-1.212517606655e+001 -1.234890530883e+002 9.169035449464e+001
-1.001426214579e+001 -1.252290934387e+002 8.969473362411e+001
-7.255659485722e+000 -1.266236345637e+002 8.819042070297e+001
-3.944940358961e+000 -1.275578354424e+002 8.735008062998e+001
3.851626591922e-001 -1.280262460366e+002 8.967542136243e+001
2.902557204119e+000 -1.275895734626e+002 8.829589137130e+001
5.848158050817e+000 -1.267675857706e+002 8.971337630996e+001
8.252420221997e+000 -1.254734329592e+002 9.159071314337e+001
9.951844860840e+000 -1.238067417826e+002 9.382623590616e+001
1.088215973524e+001 -1.218511978903e+002 9.684088011775e+001
1.082221437346e+001 -1.197583282258e+002 9.948181654233e+001
8.811051728448e+000 -1.183344152099e+002 1.018034106527e+002
8.072239270208e+000 -1.164705564171e+002 1.042088945108e+002
5.620444284119e+000 -1.149375807005e+002 1.057633223948e+002
2.710115021139e+000 -1.138404380771e+002 1.066447997022e+002
-3.650866750788e-001 -1.132246305248e+002 1.069682603678e+002
-3.542232930660e+000 -1.130757497314e+002 1.068516272449e+002
-6.671397853585e+000 -1.134693392673e+002 1.061033948778e+002
-9.443868752953e+000 -1.143860389191e+002 1.047260403821e+002
-1.163973295702e+001 -1.157264259226e+002 1.028654825849e+002
-1.238806344671e+001 -1.173787705448e+002 9.801783019138e+001
-1.213022655801e+001 -1.195035046504e+002 9.835500502820e+001
-1.353791929956e+001 -1.212207243752e+002 9.476776844498e+001
-1.245620686457e+001 -1.228753080135e+002 9.233423912247e+001
-1.053705855208e+001 -1.246897552124e+002 9.020692007620e+001
-7.937550841790e+000 -1.262022978788e+002 8.856227327960e+001
-4.762448051152e+000 -1.272957091396e+002 8.753531935723e+001
-1.238074530115e+000 -1.278052937281e+002 8.740353419776e+001
2.150756381420e+000 -1.276823098395e+002 8.814166840314e+001
5.170883638721e+000 -1.270139723889e+002 8.946395171790e+001
6.404793528595e+000 -1.240669872310e+002 9.234851994415e+001
9.680422736028e+000 -1.243225718998e+002 9.330202138392e+001
1.085324978235e+001 -1.224803394257e+002 9.622962939209e+001
1.105467788865e+001 -1.204046045228e+002 9.886359568117e+001
1.033486100657e+001 -1.186769686691e+002 1.013790481149e+002
8.711260302484e+000 -1.167411580022e+002 1.036292850565e+002
6.220081966302e+000 -1.153054450345e+002 1.053738429959e+002
3.432366564580e+000 -1.140489316382e+002 1.064613308029e+002
3.860599366926e-001 -1.133157409253e+002 1.069214896052e+002
-2.767677901511e+000 -1.130412304728e+002 1.069510089672e+002
-5.950882240287e+000 -1.132915439129e+002 1.063922677602e+002
-8.857072797416e+000 -1.140872349713e+002 1.051722016002e+002
-1.123164134630e+001 -1.153416761875e+002 1.034184314297e+002
-1.296553530547e+001 -1.169277492183e+002 1.007719878922e+002
-1.380765655041e+001 -1.188272548387e+002 9.821458360635e+001
-1.266361497137e+001 -1.204579668116e+002 9.628419740454e+001
-1.281496980113e+001 -1.223514822207e+002 9.308947009146e+001
-1.111758720425e+001 -1.241769422239e+002 9.084591914890e+001
-8.701555172831e+000 -1.257437929335e+002 8.903708923542e+001
-5.669191862646e+000 -1.269419537976e+002 8.779676406089e+001
-2.183119388190e+000 -1.276147711097e+002 8.738909601687e+001
1.284897517684e+000 -1.276546723600e+002 8.793291584040e+001
4.408753303582e+000 -1.271328217243e+002 8.912914928841e+001
7.058877724783e+000 -1.261243272826e+002 9.081364741311e+001
7.079819301958e+000 -1.256502712974e+002 9.215456778354e+001
8.742379225180e+000 -1.216495714622e+002 9.596053416830e+001
1.108782064538e+001 -1.209826045130e+002 9.827864530224e+001
1.063273013148e+001 -1.192732004960e+002 1.008285434395e+002
9.261134512338e+000 -1.173025157530e+002 1.031731303839e+002
7.103017133778e+000 -1.155687873609e+002 1.050430514760e+002
4.345536231614e+000 -1.142241955768e+002 1.062710059664e+002
1.735883879388e+000 -1.128397173342e+002 1.050016259621e+002
-1.958103513664e+000 -1.130064529440e+002 1.069830761722e+002
-5.171455061910e+000 -1.131080252628e+002 1.066082939486e+002
-8.198165116721e+000 -1.137669340538e+002 1.055576275795e+002
-1.075132225303e+001 -1.149184662620e+002 1.039233209205e+002
-1.269872458525e+001 -1.164229928503e+002 1.014077847287e+002
-1.377092293513e+001 -1.182942125092e+002 9.886597954845e+001
-1.397088158467e+001 -1.203059912755e+002 9.624776114871e+001
-1.221031415893e+001 -1.216998886692e+002 9.402728733988e+001
-1.169553536197e+001 -1.237788478208e+002 9.148131795050e+001
-9.481522300399e+000 -1.253945734670e+002 8.954622325858e+001
-6.625550917415e+000 -1.266679985424e+002 8.811521826436e+001
-3.233059281916e+000 -1.274655841981e+002 8.741695062342e+001
3.010838980347e-001 -1.276415451639e+002 8.769766568241e+001
3.553257202280e+000 -1.272358784086e+002 8.872715658114e+001
6.363219751026e+000 -1.263332592619e+002 9.029494854749e+001
8.578799734879e+000 -1.250059822506e+002 9.228863690695e+001
1.012937449412e+001 -1.233791951406e+002 9.499867752187e+001
9.343579568861e+000 -1.208224760087e+002 9.818928743798e+001
1.076334203711e+001 -1.198109752080e+002 1.002040097592e+002
9.642877070879e+000 -1.178522988866e+002 1.026357222325e+002
7.698659070274e+000 -1.160527052342e+002 1.046450190315e+002
5.097845229238e+000 -1.145948508536e+002 1.060548938883e+002
2.110816084767e+000 -1.136018079675e+002 1.067790924771e+002
-9.923139537630e-001 -1.130867162604e+002 1.069875576168e+002
-4.180641361881e+000 -1.130469850123e+002 1.067291066292e+002
-5.313374969226e+000 -1.128663229311e+002 1.043632243619e+002
-1.015571131468e+001 -1.144988350349e+002 1.043580468688e+002
-1.225722510288e+001 -1.159565029088e+002 1.023938223108e+002
-1.362430866933e+001 -1.177382918475e+002 9.949811367722e+001
-1.405828254258e+001 -1.197443993056e+002 9.687422119662e+001
-1.360392584509e+001 -1.217846527240e+002 9.430647103477e+001
-1.207215305337e+001 -1.216055768453e+002 9.384832529791e+001
-8.994811928334e+000 -1.242304121026e+002 9.025020025830e+001
-7.488673343995e+000 -1.264710214925e+002 8.842434256458e+001
-4.230346698628e+000 -1.274037106809e+002 8.749208707614e+001
-6.878379867109e-001 -1.277300198000e+002 8.749411185957e+001
2.666360978629e+000 -1.274412075576e+002 8.832085731814e+001
5.632171965593e+000 -1.266266495797e+002 8.973097740669e+001
8.050372245580e+000 -1.253615123190e+002 9.162049759871e+001
9.754042267632e+000 -1.237442665493e+002 9.385969615032e+001
1.070636285899e+001 -1.218755410035e+002 9.686767163636e+001
9.564179854374e+000 -1.198724772174e+002 9.975599105212e+001
9.919642386542e+000 -1.183719317818e+002 1.020392413667e+002
8.191099478965e+000 -1.165232758886e+002 1.041660629253e+002
5.760648682949e+000 -1.149699691043e+002 1.057487466142e+002
2.857536629887e+000 -1.138497799242e+002 1.066562209963e+002
-2.174433103262e-001 -1.132144832158e+002 1.069890310770e+002
-3.388015999581e+000 -1.130440659718e+002 1.068866832097e+002
-6.522567443408e+000 -1.134109681984e+002 1.061641572749e+002
-9.314104923966e+000 -1.143030776508e+002 1.048094649650e+002
-9.950571381641e+000 -1.144963512326e+002 1.012392282219e+002
-1.330875257879e+001 -1.171656897550e+002 1.000757837424e+002
-1.399263888586e+001 -1.191739959043e+002 9.746868638037e+001
-1.377981305299e+001 -1.212523608505e+002 9.488341956987e+001
-1.271945687000e+001 -1.229109940539e+002 9.246464238337e+001
-1.082185580808e+001 -1.247072428219e+002 9.032223317580e+001
-8.239424304483e+000 -1.261970819198e+002 8.863613258217e+001
-3.481760222587e+000 -1.268031322576e+002 8.907872894192e+001
-1.564473311765e+000 -1.278077217349e+002 8.735648100185e+001
1.863798636265e+000 -1.276855677244e+002 8.800278749607e+001
4.942809393388e+000 -1.270046851047e+002 8.925710097523e+001
7.531974381765e+000 -1.258330689031e+002 9.100628436382e+001
9.457994029473e+000 -1.242579639446e+002 9.315221041796e+001
1.065144020673e+001 -1.224029784192e+002 9.608091798745e+001
1.086805220472e+001 -1.203432295523e+002 9.874690760703e+001
7.539877674201e+000 -1.179498726587e+002 1.024190860863e+002
7.896892509016e+000 -1.175086173339e+002 1.031372195397e+002
6.372679168030e+000 -1.153173518370e+002 1.053725724370e+002
3.573316229467e+000 -1.140821853930e+002 1.064696642220e+002
5.290792304825e-001 -1.133275064869e+002 1.069438438536e+002
-2.617102802834e+000 -1.130337023050e+002 1.069836202647e+002
-5.799449882190e+000 -1.132594329506e+002 1.064501623900e+002
-8.717744179925e+000 -1.140310470296e+002 1.052560100102e+002
-1.111405338444e+001 -1.152637740906e+002 1.035239804323e+002
-1.287860586908e+001 -1.168267207236e+002 1.009078971227e+002
-1.164566201924e+001 -1.186378034681e+002 9.909330071060e+001
-1.378811149523e+001 -1.206109347358e+002 9.551678925980e+001
-1.296408739575e+001 -1.223272562209e+002 9.304184835617e+001
-1.126980155667e+001 -1.242216572414e+002 9.080842374962e+001
-8.865061771444e+000 -1.258323013623e+002 8.901858642497e+001
-5.858079560219e+000 -1.270527090920e+002 8.777842657382e+001
-2.388471925203e+000 -1.277409032766e+002 8.732886949367e+001
1.099477344125e+000 -1.277874514775e+002 8.782118716991e+001
3.764408394971e+000 -1.252433777717e+002 9.035704741540e+001
7.026733388396e+000 -1.262462678610e+002 9.055502991417e+001
9.143044093784e+000 -1.247984485529e+002 9.261078246419e+001
1.056887535815e+001 -1.230355023353e+002 9.541426660979e+001
1.104020636375e+001 -1.209757585932e+002 9.805796331095e+001
1.059722840965e+001 -1.192249246406e+002 1.006215932524e+002
9.220781535713e+000 -1.172424597203e+002 1.030051402875e+002
5.580774848011e+000 -1.145122239825e+002 1.039251669603e+002
4.301659289556e+000 -1.143062715818e+002 1.062232883026e+002
1.293949254377e+000 -1.134270629925e+002 1.068541931828e+002
-1.826391674122e+000 -1.130137275520e+002 1.070181497392e+002
-5.033685962502e+000 -1.130938449779e+002 1.066683487502e+002
-8.068223784646e+000 -1.137298432041e+002 1.056453562530e+002
-1.063942462082e+001 -1.148609115823e+002 1.040340952713e+002
-1.260854639282e+001 -1.163466471197e+002 1.015541888563e+002
-1.371854191420e+001 -1.181989902305e+002 9.902319938952e+001
-1.245315229374e+001 -1.195223006825e+002 9.716514863966e+001
-1.317811613105e+001 -1.217494649893e+002 9.378910733770e+001
-1.171717951545e+001 -1.236356991785e+002 9.143406710923e+001
-9.490828576867e+000 -1.253230662976e+002 8.949612414867e+001
-6.630964848788e+000 -1.266658428640e+002 8.808936852321e+001
-3.254509009587e+000 -1.275287101710e+002 8.740944849479e+001
2.658780967691e-001 -1.277608512531e+002 8.769277431581e+001
3.507279093697e+000 -1.273951215892e+002 8.871446487271e+001
6.321939178991e+000 -1.265174171081e+002 9.025521761162e+001
7.108872485358e+000 -1.255673097427e+002 9.437449186760e+001
1.032158342711e+001 -1.235380820975e+002 9.481868557698e+001
1.105018181433e+001 -1.215702877531e+002 9.747979597658e+001
1.087824249438e+001 -1.197011627752e+002 1.000720582469e+002
9.761610961050e+000 -1.178259873451e+002 1.025046115885e+002
7.814690410373e+000 -1.159980177149e+002 1.045418827607e+002
5.198642879620e+000 -1.145250726431e+002 1.059852718067e+002
2.192922697500e+000 -1.135321100239e+002 1.067387613798e+002
1.381336765134e-001 -1.144495789265e+002 1.056626001859e+002
-4.191731682273e+000 -1.129508214567e+002 1.068022351727e+002
-7.324655151374e+000 -1.134364701017e+002 1.059573238687e+002
-1.006316194679e+001 -1.144503179071e+002 1.044852760195e+002
-1.218595320462e+001 -1.158865289023e+002 1.025383259389e+002
-1.358402875514e+001 -1.176457891192e+002 9.966515226385e+001
-1.405435222363e+001 -1.196412756727e+002 9.704250193570e+001
-1.256365372909e+001 -1.212602241093e+002 9.507785757014e+001
-1.219711727276e+001 -1.231496515363e+002 9.214557133269e+001
-1.018230668995e+001 -1.248640226275e+002 9.007517878766e+001
-7.495707708381e+000 -1.262719117325e+002 8.848639270508e+001
-4.235569434970e+000 -1.272554514310e+002 8.755110464410e+001
-6.865580213675e-001 -1.276472148680e+002 8.756335340870e+001
2.659871027371e+000 -1.274270970009e+002 8.842089600003e+001
5.599894998349e+000 -1.266836415791e+002 8.984534931069e+001
7.999551716341e+000 -1.254859654793e+002 9.171633985586e+001
9.712194393332e+000 -1.239202046998e+002 9.391329207359e+001
9.172267821488e+000 -1.209903905176e+002 9.717306945299e+001
1.094943940174e+001 -1.200686003038e+002 9.947872913032e+001
1.010168954740e+001 -1.183944868472e+002 1.019579151827e+002
8.384657400481e+000 -1.165159511230e+002 1.041194393549e+002
5.952247897072e+000 -1.149368630157e+002 1.057304493026e+002
3.037433836187e+000 -1.137947528437e+002 1.066567850330e+002
-4.933948514887e-002 -1.131438543502e+002 1.069888407791e+002
-3.217967634454e+000 -1.129550184790e+002 1.068894109155e+002
-6.820618491186e+000 -1.137097874411e+002 1.055789003341e+002
-8.364615833196e+000 -1.147301562928e+002 1.045951502361e+002
-1.166107771117e+001 -1.153983514850e+002 1.030033137955e+002
-1.330608725000e+001 -1.170932007379e+002 1.002499697443e+002
-1.402062711997e+001 -1.190833452159e+002 9.765197957688e+001
-1.384097834553e+001 -1.211449945429e+002 9.505793648671e+001
-1.281536186910e+001 -1.227970036269e+002 9.262182173628e+001
-9.964412120235e+000 -1.239672628245e+002 9.098431626612e+001
-8.352033800822e+000 -1.259882505723e+002 8.890464553058e+001
-5.250672314551e+000 -1.270702217842e+002 8.774616515434e+001
-1.730923600317e+000 -1.275996815249e+002 8.745264944372e+001
1.716526217243e+000 -1.275017025199e+002 8.808643234480e+001
4.803227519858e+000 -1.268604514204e+002 8.935889242978e+001
7.384350161383e+000 -1.257522192359e+002 9.112766574856e+001
9.301653041231e+000 -1.242603738802e+002 9.327206480541e+001
1.050663989865e+001 -1.224965974145e+002 9.615738783889e+001
9.539161991431e+000 -1.201323535941e+002 9.911476558996e+001
1.031938016955e+001 -1.189426633128e+002 1.013462636497e+002
8.830466283187e+000 -1.170259109249e+002 1.036103059457e+002
6.588569456211e+000 -1.153620855236e+002 1.053800136449e+002
3.788847945328e+000 -1.140961721820e+002 1.064954864530e+002
7.367365167186e-001 -1.133172304246e+002 1.069678129136e+002
-2.402739663450e+000 -1.130022951697e+002 1.069981229547e+002
-5.577583976138e+000 -1.131976805848e+002 1.064742114871e+002
-8.501608587624e+000 -1.139348247798e+002 1.052965217355e+002
-1.091800346868e+001 -1.151345441874e+002 1.035810061296e+002
-1.051261261097e+001 -1.170612623790e+002 1.012755819587e+002
-1.379101475896e+001 -1.184566077536e+002 9.827966443518e+001
-1.386320321339e+001 -1.205362475796e+002 9.564915987151e+001
-1.307500811767e+001 -1.222604600051e+002 9.317835005680e+001
-1.141429564049e+001 -1.241545122575e+002 9.093297368319e+001
-9.037366187588e+000 -1.257664661159e+002 8.911812552184e+001
-4.613334575380e+000 -1.274801963546e+002 8.936017290959e+001
-2.709930586673e+000 -1.276284654880e+002 8.739016169636e+001
7.936833776356e-001 -1.276793733979e+002 8.778530580872e+001
3.997741035754e+000 -1.271494124249e+002 8.887590355708e+001
6.752765016568e+000 -1.261203546785e+002 9.049930759073e+001
8.887736907406e+000 -1.246746154015e+002 9.255657264864e+001
1.032467588141e+001 -1.229429443251e+002 9.537572012379e+001
1.081434647680e+001 -1.209480134911e+002 9.803539383930e+001
9.477377532803e+000 -1.194701933550e+002 1.004779823111e+002
9.204250763878e+000 -1.174908734771e+002 1.030457586527e+002
7.150236937532e+000 -1.157632210648e+002 1.049557507084e+002
4.485097686421e+000 -1.143892573861e+002 1.062590011362e+002
1.479589872677e+000 -1.134853508702e+002 1.068947963661e+002
-1.632951867099e+000 -1.130526075529e+002 1.070500458138e+002
-4.824562382645e+000 -1.131101884443e+002 1.067077966461e+002
-7.849913482183e+000 -1.137190693769e+002 1.057044377910e+002
-1.042110380535e+001 -1.148184517220e+002 1.041193586750e+002
-1.240920045032e+001 -1.162678031610e+002 1.017032690953e+002
-1.182527979836e+001 -1.174225487618e+002 9.932630141908e+001
-1.380864059544e+001 -1.199211293887e+002 9.640573328676e+001
-1.325771871573e+001 -1.217557600314e+002 9.386550307039e+001
-1.182018561542e+001 -1.235658731662e+002 9.151819103867e+001
-9.619401075846e+000 -1.252756559992e+002 8.957053858521e+001
-6.786546586195e+000 -1.266374639185e+002 8.814758325669e+001
-3.432507648785e+000 -1.275222565080e+002 8.742897685475e+001
9.480117039744e-002 -1.277776119971e+002 8.766491328693e+001
3.571120511957e+000 -1.267875718092e+002 9.024728933620e+001
6.157938222054e+000 -1.265489074268e+002 9.000547736931e+001
8.480236435170e+000 -1.251932190522e+002 9.193956365129e+001
1.014624690731e+001 -1.235085040744e+002 9.451423205781e+001
1.088430270749e+001 -1.215017540045e+002 9.726747301816e+001
1.070505243500e+001 -1.194179154812e+002 9.990096965557e+001
9.612060077291e+000 -1.177756107562e+002 1.023620108320e+002
7.146376008997e+000 -1.170766037147e+002 1.037625204037e+002
5.168441138100e+000 -1.146600171562e+002 1.059590535405e+002
2.223406566549e+000 -1.136350976560e+002 1.067721760753e+002
-8.653342710212e-001 -1.130864954846e+002 1.070496914087e+002
-4.055259908368e+000 -1.130073478293e+002 1.068767629254e+002
-7.170314483710e+000 -1.134766980875e+002 1.060558101110e+002
-9.898793324632e+000 -1.144664495277e+002 1.046083130260e+002
-1.202361340759e+001 -1.158730981528e+002 1.026872509692e+002
-1.344028009484e+001 -1.175945302348e+002 9.985623001147e+001
-1.271546451168e+001 -1.189900540478e+002 9.719175852107e+001
-1.277253000053e+001 -1.214820364330e+002 9.520397591529e+001
-1.226419969777e+001 -1.230333652542e+002 9.223347939722e+001
-1.027024778908e+001 -1.247725558080e+002 9.014637708686e+001
-7.602414916410e+000 -1.262091771911e+002 8.854453571863e+001
-4.363846745456e+000 -1.272255478807e+002 8.758793953893e+001
-8.200107564860e-001 -1.276538067246e+002 8.756449316630e+001
2.535981571685e+000 -1.274626171845e+002 8.839840467718e+001
5.491535060342e+000 -1.267409859728e+002 8.980155078755e+001
6.571806775352e+000 -1.264631497801e+002 9.323677031494e+001
9.842160366056e+000 -1.240293276992e+002 9.367245010877e+001
1.089886883145e+001 -1.221448274628e+002 9.663284171605e+001
1.097851702687e+001 -1.200521307017e+002 9.926205852031e+001
1.013740772868e+001 -1.183336146284e+002 1.017585217500e+002
8.404672559738e+000 -1.164338283137e+002 1.039582936834e+002
5.954905088209e+000 -1.148647869259e+002 1.056158140809e+002
3.049120944352e+000 -1.155080401887e+002 1.055630320546e+002
-5.848314626847e-002 -1.131257368396e+002 1.070007245608e+002
-3.233291585318e+000 -1.129109322499e+002 1.069724706383e+002
-6.416215710322e+000 -1.132296323328e+002 1.063372362792e+002
-9.292377009975e+000 -1.140928034427e+002 1.050426606307e+002
-1.161173237144e+001 -1.154099445569e+002 1.032223246862e+002
-1.325640538824e+001 -1.170619495457e+002 1.004964182292e+002
-1.399089565464e+001 -1.190106181642e+002 9.789994049349e+001
-1.384495886539e+001 -1.210435902413e+002 9.529615067771e+001
-1.183917059717e+001 -1.222770064367e+002 9.327727282111e+001
-1.092926607561e+001 -1.243845935015e+002 9.074337715898e+001
-8.453606671628e+000 -1.258771971270e+002 8.899159045934e+001
-5.371192538635e+000 -1.269848757942e+002 8.780853004834e+001
-1.857028770272e+000 -1.275514712114e+002 8.747952486279e+001
1.601048632081e+000 -1.274903250955e+002 8.809360726751e+001
4.696843706094e+000 -1.268825007631e+002 8.935418191550e+001
7.291779489877e+000 -1.258044368644e+002 9.110637622009e+001
9.233853496333e+000 -1.243359750546e+002 9.323201559722e+001
8.681696345332e+000 -1.216026565183e+002 9.683590004030e+001
1.105952549105e+001 -1.206428918810e+002 9.868838897063e+001
1.048709331878e+001 -1.189358743585e+002 1.012201315733e+002
9.004093277664e+000 -1.169849798519e+002 1.035157003944e+002
6.751563113750e+000 -1.152931772472e+002 1.053150778797e+002
