8.064640113094e-002
2.283648467379e-001
2.299687855292e-001
2.298615505048e-001
2.299690016331e-001
2.301929844827e-001
2.304734612378e-001
2.455297001533e-001
2.309981007830e-001
2.315629622743e-001
2.317561921908e-001
2.318759049557e-001
2.319717782457e-001
2.321617915673e-001
2.321770786383e-001
2.322195650136e-001
2.412655820491e-001
2.332036142063e-001
2.313434067418e-001
2.315027689280e-001
2.317516271981e-001
2.298744117487e-001
2.296670194525e-001
2.431007968781e-001
2.297985735646e-001
2.299296277705e-001
2.296049913070e-001
2.290964506922e-001
2.284709335338e-001
2.277311518531e-001
2.293754229667e-001
2.292077146861e-001
2.359948444291e-001
2.316846695662e-001
2.318386400047e-001
2.319497014903e-001
2.321366647928e-001
2.322244675125e-001
2.322108371303e-001
2.324745265088e-001
2.329786956224e-001
2.403292752977e-001
2.312788490120e-001
2.315213270367e-001
2.318524699331e-001
2.296486207469e-001
2.296369608811e-001
2.297650512266e-001
2.299684376420e-001
2.440385019479e-001
2.293346264008e-001
2.287765525997e-001
2.280710284556e-001
2.274615564694e-001
2.293436776432e-001
2.290660050480e-001
2.353257988564e-001
2.317432750614e-001
2.318782213569e-001
2.320607539383e-001
2.322404152537e-001
2.322275012301e-001
2.324298933091e-001
2.328896638753e-001
2.335283094367e-001
2.419030035286e-001
2.386774831057e-001
2.316419485387e-001
2.295277206004e-001
2.294967654660e-001
2.296102152372e-001
2.298797866322e-001
2.298289015348e-001
2.294327005801e-001
2.289141610314e-001
2.366396352711e-001
2.275989430844e-001
2.295819569005e-001
2.293160863624e-001
2.315114832481e-001
2.316571413164e-001
2.317271192350e-001
2.319568098391e-001
2.322048976922e-001
2.322417840447e-001
2.323906387412e-001
2.328107797691e-001
2.334182812519e-001
2.313642904382e-001
2.315044039437e-001
2.362946167658e-001
2.295500450436e-001
2.294509513403e-001
2.294852371591e-001
2.297150748910e-001
2.297931924240e-001
2.294613976237e-001
2.289908497911e-001
2.283944706951e-001
2.393954686887e-001
2.368275758438e-001
2.294262433657e-001
2.315412649998e-001
2.317367239120e-001
2.318498927279e-001
2.319399342832e-001
2.416201782886e-001
2.322283254295e-001
2.323256237745e-001
2.327030005902e-001
2.332834304849e-001
2.314614598747e-001
2.315114221887e-001
2.317090108048e-001
2.335274427394e-001
2.295381657563e-001
2.295118570944e-001
2.296592551333e-001
2.298060099605e-001
2.295175817277e-001
2.290502500426e-001
2.284796424491e-001
2.277915763367e-001
2.293566311382e-001
2.352735039116e-001
2.311269746691e-001
2.316868084918e-001
2.318399759508e-001
2.319439706098e-001
2.321172232487e-001
2.322157158452e-001
2.321900111805e-001
2.446737483314e-001
2.330801600758e-001
2.337935296525e-001
2.314877763760e-001
2.316765987848e-001
2.319273558175e-001
2.420644357659e-001
2.338333682647e-001
2.296945681931e-001
2.298974196862e-001
2.296963420027e-001
2.292244245166e-001
2.286476623656e-001
2.279554497789e-001
2.271867714237e-001
2.292868268139e-001
2.335012519687e-001
2.315713969914e-001
2.317564399350e-001
2.318867375687e-001
2.320524774330e-001
2.322340919426e-001
2.322121681386e-001
2.323882897989e-001
2.328300593026e-001
2.454163967984e-001
2.313338050134e-001
2.315582947328e-001
2.318495718698e-001
2.297442804240e-001
2.296525768340e-001
2.296843960287e-001
2.383323082859e-001
2.298770865751e-001
2.294714301803e-001
2.289326374963e-001
2.282542102739e-001
2.274655442637e-001
2.293791175577e-001
2.291227174528e-001
2.454474505625e-001
2.356700117008e-001
2.317937321133e-001
2.319554095564e-001
2.322001040432e-001
2.322376798181e-001
2.323592250376e-001
2.327580232225e-001
2.333516209281e-001
2.313334017994e-001
2.398960645544e-001
2.316038095664e-001
2.296552580510e-001
2.295938459299e-001
2.296438021223e-001
2.298614150749e-001
2.299428479493e-001
2.295913468549e-001
2.370219403270e-001
2.285502703135e-001
2.278342156558e-001
2.296068316341e-001
2.293373539669e-001
2.313543634023e-001
2.315505593936e-001
2.419170518828e-001
2.318589957156e-001
2.321162721765e-001
2.322355168310e-001
2.323143090036e-001
2.326693155428e-001
2.332330054563e-001
2.315350931291e-001
2.314871826455e-001
2.373631690197e-001
2.298922495040e-001
2.294797718967e-001
2.294914658842e-001
2.296805746323e-001
2.298958199435e-001
2.296650801530e-001
2.292198645431e-001
2.286551233040e-001
2.434905834009e-001
2.294127567768e-001
2.295034778298e-001
2.307059156283e-001
2.316548370798e-001
2.317788200886e-001
2.318659142267e-001
2.320356049494e-001
2.400500881027e-001
2.322460112901e-001
2.325417861425e-001
2.330785577879e-001
2.337716276433e-001
2.314905862829e-001
2.316678712126e-001
2.361851810893e-001
2.295137080656e-001
2.294537229438e-001
2.295531946160e-001
2.297912197225e-001
2.296637267186e-001
2.292545368585e-001
2.287363674966e-001
2.280879820828e-001
2.273393972042e-001
2.357308402294e-001
2.293154776930e-001
2.316303328316e-001
2.318003427609e-001
2.319058626690e-001
2.320343516465e-001
2.322002687434e-001
2.321622754604e-001
2.384783769826e-001
2.336772292245e-001
2.334655956948e-001
2.313847587251e-001
2.315894728987e-001
2.318508095943e-001
2.297488262789e-001
2.331986440387e-001
2.295739146720e-001
2.297806569117e-001
2.297443402248e-001
2.293392493329e-001
2.288230306017e-001
2.281938770073e-001
2.274643694664e-001
2.293909028618e-001
2.340011710396e-001
2.315253810260e-001
2.317278457896e-001
2.318642028982e-001
2.319892026880e-001
2.321965263850e-001
2.322054194356e-001
2.322752009205e-001
2.326354935340e-001
2.332063327199e-001
2.402604451123e-001
2.313622468557e-001
2.316418758608e-001
2.297344054364e-001
2.296436556866e-001
2.296656837203e-001
2.429362277868e-001
2.298841799683e-001
2.295292821440e-001
2.290101863362e-001
2.283760117722e-001
2.276336015582e-001
2.294050453758e-001
2.291852949710e-001
2.350804544873e-001
2.316032688129e-001
2.317720366976e-001
2.319086600835e-001
2.321368001880e-001
2.322384401616e-001
2.322688328523e-001
2.325764683237e-001
2.331085294688e-001
2.316019490997e-001
2.374387433733e-001
2.314660788398e-001
2.302933831327e-001
2.295133099159e-001
2.295268343557e-001
2.297064107740e-001
2.299329048516e-001
2.297170424535e-001
2.330641082401e-001
2.287152422222e-001
2.279910492952e-001
2.289579739314e-001
2.293041839854e-001
2.291074279063e-001
2.314327839695e-001
2.365867190645e-001
2.318178875828e-001
2.320369955182e-001
2.322332966508e-001
2.322589656187e-001
2.325161493749e-001
2.330134703756e-001
2.336742147586e-001
2.314174577317e-001
2.355369049681e-001
2.328657935277e-001
2.295010880110e-001
2.294453818873e-001
2.295461231431e-001
2.298014067416e-001
2.297129158506e-001
2.293168213009e-001
2.288054598373e-001
2.428749292168e-001
2.275292546675e-001
2.295462025400e-001
2.292660391921e-001
2.314955686606e-001
2.316419394493e-001
2.317590359412e-001
2.393154268313e-001
2.321898708154e-001
2.322336093921e-001
2.324300197952e-001
2.328923132224e-001
2.335302834086e-001
2.314292949192e-001
2.315778738404e-001
2.317994433598e-001
2.332898976577e-001
2.295091192737e-001
2.295331976152e-001
2.297403264135e-001
2.297450174201e-001
2.293656205054e-001
2.288686756189e-001
2.282563998863e-001
2.275358473186e-001
2.376260091095e-001
2.294052960786e-001
2.315560239364e-001
2.317330428760e-001
2.318387374172e-001
