5.869240e+006 -2.389971e+006 -2.471325e+006
6.566543e+006 -1.368671e+006 -1.119936e+006
6.787378e+006 -2.480703e+005 3.127032e+005
6.515422e+006 8.905337e+005 1.722629e+006
5.770172e+006 1.964440e+006 3.007410e+006
4.605593e+006 2.895582e+006 4.073631e+006
3.106230e+006 3.616238e+006 4.843732e+006
1.381051e+006 4.074002e+006 5.261704e+006
-4.445223e+005 4.235622e+006 5.297197e+006
-2.237798e+006 4.089428e+006 4.947728e+006
-3.868525e+006 3.646165e+006 4.238839e+006
-5.218391e+006 2.938171e+006 3.222186e+006
-6.189622e+006 2.016978e+006 1.971724e+006
-6.712035e+006 9.495219e+005 5.782775e+005
-6.748060e+006 -1.867505e+005 -8.570852e+005
-6.295369e+006 -1.309506e+006 -2.230385e+006
-5.386968e+006 -2.337474e+006 -3.442239e+006
-4.088753e+006 -3.196303e+006 -4.405011e+006
-2.494725e+006 -3.823888e+006 -5.049092e+006
-7.202161e+005 -4.174830e+006 -5.327893e+006
1.106400e+006 -4.223695e+006 -5.221184e+006
2.852928e+006 -3.966850e+006 -4.736569e+006
4.392856e+006 -3.422758e+006 -3.908970e+006
5.614495e+006 -2.630679e+006 -2.798159e+006
6.429077e+006 -1.647883e+006 -1.484492e+006
6.777243e+006 -5.455471e+005 -6.314047e+004
6.633429e+006 5.963836e+005 1.362784e+006
6.007810e+006 1.694990e+006 2.689717e+006
4.945632e+006 2.670424e+006 3.821193e+006
3.523972e+006 3.451749e+006 4.674914e+006
1.846130e+006 3.982141e+006 5.188781e+006
3.408188e+004 4.223054e+006 5.325453e+006
-1.780450e+006 4.157042e+006 5.075079e+006
-3.465639e+006 3.789014e+006 4.455990e+006
-4.899182e+006 3.145843e+006 3.513324e+006
-5.977192e+006 2.274367e+006 2.315683e+006
-6.621717e+006 1.237936e+006 9.500870e+005
-6.786319e+006 1.117739e+005 -4.843799e+005
-6.459363e+006 -1.022492e+006 -1.883771e+006
-5.664773e+006 -2.082740e+006 -3.146793e+006
-4.460235e+006 -2.992270e+006 -4.182094e+006
-2.932995e+006 -3.685310e+006 -4.914822e+006
-1.193569e+006 -4.111736e+006 -5.291987e+006
6.322116e+005 -4.240667e+006 -5.286262e+006
2.412229e+006 -4.062689e+006 -4.897958e+006
4.017583e+006 -3.590562e+006 -4.155029e+006
5.331884e+006 -2.858329e+006 -3.111105e+006
6.259680e+006 -1.918911e+006 -1.841675e+006
6.733427e+006 -8.403127e+005 -4.386704e+005
6.718451e+006 2.992680e+005 9.961629e+005
6.215560e+006 1.417107e+006 2.358642e+006
5.261061e+006 2.431977e+006 3.549740e+006
3.924176e+006 3.270080e+006 4.482829e+006
2.302022e+006 3.870461e+006 5.090034e+006
5.125165e+005 4.189474e+006 5.327212e+006
-1.314246e+006 4.203980e+006 5.177188e+006
-3.045525e+006 3.913026e+006 4.650990e+006
-4.555632e+006 3.337885e+006 3.787008e+006
-5.735086e+006 2.520463e+006 2.648144e+006
-6.498542e+006 1.520208e+006 1.317182e+006
-6.790926e+006 4.097441e+005 -1.092727e+005
-6.591344e+006 -7.304113e+005 -1.527822e+006
-5.914514e+006 -1.817688e+006 -2.835757e+006
-4.809625e+006 -2.773416e+006 -3.938463e+006
-3.356739e+006 -3.528480e+006 -4.756211e+006
-1.661009e+006 -4.028277e+006 -5.229870e+006
1.548904e+005 -4.236629e+006 -5.325150e+006
1.959574e+006 -4.138391e+006 -5.035069e+006
3.622386e+006 -3.740559e+006 -4.380481e+006
5.022813e+006 -3.071796e+006 -3.408613e+006
6.059200e+006 -2.180410e+006 -2.189713e+006
6.656153e+006 -1.130903e+006 -8.120206e+005
6.770069e+006 6.644240e+002 6.245887e+005
6.392392e+006 1.132176e+006 2.015835e+006
5.550311e+006 2.181428e+006 3.260624e+006
4.304850e+006 3.072136e+006 4.268434e+006
2.746456e+006 3.739518e+006 4.965954e+006
9.884008e+005 4.135046e+006 5.302462e+006
-8.415043e+005 4.230005e+006 5.253543e+006
-2.610268e+006 4.017583e+006 4.822864e+006
-4.189445e+006 3.513341e+006 4.041873e+006
-5.464501e+006 2.754043e+006 2.967455e+006
-6.343118e+006 1.794935e+006 1.677741e+006
-6.761853e+006 7.056821e+005 2.663764e+005
-6.690654e+006 -4.347099e+005 -1.164299e+006
-6.134952e+006 -1.543630e+006 -2.510672e+006
-5.135192e+006 -2.540825e+006 -3.675325e+006
-3.763858e+006 -3.354176e+006 -4.574044e+006
-2.120223e+006 -3.924865e+006 -5.141850e+006
-3.231981e+005 -4.211602e+006 -5.337657e+006
1.497208e+006 -4.193583e+006 -5.147227e+006
3.209227e+006 -3.872008e+006 -4.584212e+006
4.688821e+006 -3.270021e+006 -3.689208e+006
5.828636e+006 -2.431083e+006 -2.526879e+006
6.545810e+006 -1.415875e+006 -1.181337e+006
6.788033e+006 -2.979425e+005 2.499096e+005
6.537430e+006 8.416128e+005 1.663002e+006
5.811944e+006 1.920026e+006 2.955283e+006
4.664100e+006 2.858903e+006 4.032795e+006
3.177221e+006 3.589963e+006 4.817158e+006
1.459366e+006 4.060041e+006 5.251325e+006
-3.645764e+005 4.234987e+006 5.303763e+006
-2.162031e+006 4.102162e+006 4.970756e+006
-3.802437e+006 3.671336e+006 4.276650e+006
-5.166774e+006 2.973945e+006 3.272027e+006
-6.156211e+006 2.060753e+006 2.029972e+006
-6.699240e+006 9.981196e+005 6.407041e+005
-6.756795e+006 -1.368536e+005 -7.950048e+005
-6.324989e+006 -1.261923e+006 -2.173145e+006
-5.435322e+006 -2.295649e+006 -3.393981e+006
-4.152336e+006 -3.163259e+006 -4.369224e+006
-2.568936e+006 -3.802015e+006 -5.028363e+006
-7.996857e+005 -4.165712e+006 -5.323723e+006
1.027422e+006 -4.227994e+006 -5.233878e+006
2.780157e+006 -3.984260e+006 -4.765215e+006
4.331568e+006 -3.452025e+006 -3.951502e+006
5.569139e+006 -2.669689e+006 -2.851502e+006
6.402952e+006 -1.693813e+006 -1.544785e+006
6.772257e+006 -5.950686e+005 -1.260117e+005
6.649957e+006 5.468645e+005 1.301898e+006
6.044662e+006 1.649071e+006 2.635240e+006
5.000138e+006 2.631443e+006 3.777088e+006
3.592174e+006 3.422542e+006 4.644388e+006
1.923069e+006 3.964831e+006 5.174054e+006
1.141655e+005 4.218898e+006 5.327594e+006
-1.703042e+006 4.166339e+006 5.093927e+006
-3.396529e+006 3.811081e+006 4.490170e+006
-4.843381e+006 3.179073e+006 3.560345e+006
-5.938742e+006 2.316341e+006 2.372126e+006
-6.603392e+006 1.285605e+006 1.011853e+006
-6.789435e+006 1.616813e+005 -4.217688e+005
-6.483683e+006 -9.739623e+005 -1.824850e+006
-5.708526e+006 -2.039100e+006 -3.095824e+006
-4.520249e+006 -2.956675e+006 -4.142763e+006
-3.004926e+006 -3.660335e+006 -4.889973e+006
-1.272212e+006 -4.099188e+006 -5.283418e+006
5.525448e+005 -4.241455e+006 -5.294596e+006
2.337306e+006 -4.076762e+006 -4.922597e+006
3.952831e+006 -3.616906e+006 -4.194197e+006
5.282001e+006 -2.895044e+006 -3.161972e+006
6.228294e+006 -1.963340e+006 -1.900561e+006
6.722826e+006 -8.892374e+005 -5.013068e+005
6.729418e+006 2.493968e+005 9.343207e+005
6.247309e+006 1.369912e+006 2.302087e+006
5.311295e+006 2.390888e+006 3.502584e+006
3.989248e+006 3.238086e+006 4.448502e+006
2.377201e+006 3.849888e+006 5.071033e+006
5.923392e+005 4.181817e+006 5.324917e+006
-1.235583e+006 4.209793e+006 5.191762e+006
-2.973735e+006 3.931881e+006 4.681367e+006
-4.495924e+006 3.368405e+006 3.830974e+006
-5.691786e+006 2.560428e+006 2.702501e+006
-6.474778e+006 1.566712e+006 1.377981e+006
-6.788407e+006 4.594143e+005 -4.644126e+004
-6.610242e+006 -6.811746e+005 -1.467510e+006
-5.953449e+006 -1.772449e+006 -2.782330e+006
-4.865772e+006 -2.735447e+006 -3.895784e+006
-3.426034e+006 -3.500526e+006 -4.727365e+006
-1.738437e+006 -4.012360e+006 -5.216944e+006
7.493038e+004 -4.233903e+006 -5.329082e+006
1.882869e+006 -4.149057e+006 -5.055579e+006
3.554491e+006 -3.763851e+006 -4.416091e+006
4.968652e+006 -3.106033e+006 -3.456752e+006
6.022709e+006 -2.223117e+006 -2.246899e+006
6.639990e+006 -1.178988e+006 -8.741111e+005
6.775421e+006 -4.931074e+004 5.620981e+005
6.418881e+006 1.083939e+006 1.957483e+006
5.596023e+006 2.138436e+006 3.210652e+006
4.366468e+006 3.037515e+006 4.230477e+006
2.819502e+006 3.715785e+006 4.942774e+006
1.067565e+006 4.123927e+006 5.295742e+006
-7.619765e+005 4.232306e+006 5.263769e+006
-2.536155e+006 4.033131e+006 4.849287e+006
-4.126126e+006 3.541000e+006 4.082565e+006
-5.416564e+006 2.791800e+006 3.019456e+006
-6.314032e+006 1.840044e+006 1.737271e+006
-6.753712e+006 7.548688e+005 3.291165e+005
-6.704035e+006 -3.850105e+005 -1.102896e+006
-6.168875e+006 -1.497016e+006 -2.455050e+006
-5.187195e+006 -2.500669e+006 -3.629508e+006
-3.830174e+006 -3.323381e+006 -4.541344e+006
-2.196052e+006 -3.905660e+006 -5.124631e+006
-4.030553e+005 -4.205375e+006 -5.337168e+006
1.419101e+006 -4.200790e+006 -5.163507e+006
3.138526e+006 -3.892133e+006 -4.616089e+006
4.630651e+006 -3.301612e+006 -3.734381e+006
5.787222e+006 -2.471857e+006 -2.582083e+006
6.524167e+006 -1.462881e+006 -1.242573e+006
6.787744e+006 -3.477732e+005 1.870813e+005
6.558529e+006 7.925748e+005 1.603143e+006
5.852907e+006 1.875344e+006 2.902745e+006
4.721957e+006 2.821827e+006 3.991398e+006
3.247771e+006 3.563189e+006 4.789914e+006
1.537479e+006 4.045515e+006 5.240214e+006
-2.845796e+005 4.233763e+006 5.309590e+006
-2.085964e+006 4.114324e+006 4.993093e+006
-3.735821e+006 3.695996e+006 4.313867e+006
-5.114439e+006 3.009305e+006 3.321413e+006
-6.121945e+006 2.104242e+006 2.087938e+006
-6.685515e+006 1.046579e+006 7.030417e+005
-6.764592e+006 -8.693764e+004 -7.328142e+005
-6.353733e+006 -1.214165e+006 -2.115605e+006
-5.482922e+006 -2.253505e+006 -3.345253e+006
-4.215344e+006 -3.129777e+006 -4.332831e+006
-2.642790e+006 -3.779616e+006 -5.006938e+006
-8.790444e+005 -4.156016e+006 -5.318815e+006
9.483004e+005 -4.231707e+006 -5.245847e+006
2.707001e+006 -4.001118e+006 -4.793201e+006
4.269679e+006 -3.480813e+006 -3.993486e+006
5.523009e+006 -2.708328e+006 -2.904449e+006
6.375937e+006 -1.739508e+006 -1.604863e+006
6.766330e+006 -6.445073e+005 -1.888654e+005
6.665560e+006 4.972692e+005 1.240831e+006
6.080673e+006 1.602922e+006 2.580396e+006
5.053948e+006 2.592096e+006 3.732456e+006
3.659875e+006 3.392858e+006 4.613215e+006
1.999741e+006 3.946969e+006 5.158607e+006
1.942331e+005 4.214156e+006 5.328994e+006
-1.625398e+006 4.175056e+006 5.112067e+006
-3.326946e+006 3.832619e+006 4.523724e+006
-4.786907e+006 3.211861e+006 3.606871e+006
-5.899466e+006 2.357994e+006 2.428239e+006
-6.584150e+006 1.333096e+006 1.073479e+006
-6.791610e+006 2.115662e+005 -3.590992e+005
-6.507104e+006 -9.252974e+005 -1.765675e+006
-5.751488e+006 -1.995177e+006 -3.044426e+006
-4.579636e+006 -2.920671e+006 -4.102859e+006
-3.076440e+006 -3.634852e+006 -4.864447e+006
-1.350679e+006 -4.086071e+006 -5.274117e+006
4.728014e+005 -4.241656e+006 -5.302196e+006
2.262058e+006 -4.090270e+006 -4.946553e+006
3.887531e+006 -3.642749e+006 -4.232783e+006
5.231385e+006 -2.931357e+006 -3.212401e+006
6.196042e+006 -2.007496e+006 -1.959182e+006
6.711290e+006 -9.380384e+005 -5.638736e+005
6.739449e+006 1.994910e+005 8.723486e+005
6.278190e+006 1.322526e+006 2.245211e+006
5.360789e+006 2.349466e+006 3.454940e+006
4.053764e+006 3.205641e+006 4.413556e+006
2.452050e+006 3.828780e+006 5.051326e+006
6.720794e+005 4.173579e+006 5.321881e+006
-1.156747e+006 4.215020e+006 5.205613e+006
-2.901531e+006 3.950189e+006 4.711092e+006
-4.435591e+006 3.398458e+006 3.874408e+006
-5.647694e+006 2.600037e+006 2.756483e+006
-6.450115e+006 1.612999e+006 1.438589e+006
-6.784947e+006 5.090208e+005 1.639661e+004
-6.628223e+006 -6.318435e+005 -1.406995e+006
-5.991559e+006 -1.726964e+006 -2.728516e+006
-4.921246e+006 -2.697099e+006 -3.852564e+006
-3.494854e+006 -3.472087e+006 -4.697864e+006
-1.815624e+006 -3.995888e+006 -5.203295e+006
-5.040082e+003 -4.230590e+006 -5.332275e+006
1.805902e+006 -4.159148e+006 -5.075388e+006
3.486103e+006 -3.786621e+006 -4.451089e+006
4.913802e+006 -3.139840e+006 -3.504412e+006
5.985381e+006 -2.265516e+006 -2.303774e+006
6.622904e+006 -1.226909e+006 -9.360801e+005
6.779831e+006 -9.927905e+004 4.995294e+005
6.444478e+006 1.035551e+006 1.898858e+006
5.640956e+006 2.095146e+006 3.160233e+006
4.427478e+006 3.002470e+006 4.191932e+006
2.892156e+006 3.691535e+006 4.918905e+006
1.146581e+006 4.112234e+006 5.288286e+006
-6.823426e+005 4.234017e+006 5.273263e+006
-2.461689e+006 4.048117e+006 4.875036e+006
-4.062233e+006 3.568167e+006 4.122691e+006
-5.367875e+006 2.829168e+006 3.071037e+006
-6.284068e+006 1.884897e+006 1.796560e+006
-6.744633e+006 8.039508e+005 3.918110e+005
-6.716486e+006 -3.352576e+005 -1.041340e+006
-6.201944e+006 -1.450195e+006 -2.399088e+006
-5.238479e+006 -2.460167e+006 -3.583188e+006
-3.895958e+006 -3.292126e+006 -4.508014e+006
-2.271577e+006 -3.885913e+006 -5.106703e+006
-4.828566e+005 -4.198566e+006 -5.335939e+006
1.340797e+006 -4.207415e+006 -5.179071e+006
3.067390e+006 -3.911717e+006 -4.647326e+006
4.571839e+006 -3.332745e+006 -3.779036e+006
5.745005e+006 -2.512289e+006 -2.636928e+006
6.501617e+006 -1.509684e+006 -1.303636e+006
6.786511e+006 -3.975556e+005 1.242270e+005
6.578715e+006 7.434266e+005 1.543061e+006
5.893056e+006 1.830401e+006 2.849802e+006
4.779158e+006 2.784357e+006 3.949445e+006
3.317868e+006 3.535918e+006 4.762003e+006
1.615377e+006 4.030425e+006 5.228373e+006
-2.045433e+005 4.231950e+006 5.314679e+006
-2.009605e+006 4.125915e+006 5.014736e+006
-3.668685e+006 3.720142e+006 4.350483e+006
-5.061394e+006 3.044247e+006 3.370338e+006
-6.086829e+006 2.147438e+006 2.145613e+006
-6.670862e+006 1.094893e+006 7.652818e+005
-6.771452e+006 -3.700963e+004 -6.705220e+005
-6.381596e+006 -1.166239e+006 -2.057771e+006
-5.529763e+006 -2.211049e+006 -3.296061e+006
-4.277767e+006 -3.095861e+006 -4.295838e+006
-2.716279e+006 -3.756692e+006 -4.984818e+006
-9.582813e+005 -4.145745e+006 -5.313170e+006
8.690477e+005 -4.234833e+006 -5.257089e+006
2.633470e+006 -4.017421e+006 -4.820522e+006
4.207198e+006 -3.509118e+006 -4.034915e+006
5.476113e+006 -2.746591e+006 -2.956993e+006
6.348036e+006 -1.784961e+006 -1.664718e+006
6.759461e+006 -6.938564e+005 -2.516928e+005
6.680236e+006 4.476048e+005 1.179591e+006
6.115838e+006 1.556550e+006 2.525194e+006
5.107054e+006 2.552388e+006 3.687305e+006
3.727066e+006 3.362702e+006 4.581400e+006
2.076134e+006 3.928558e+006 5.142441e+006
2.742738e+005 4.208826e+006 5.329651e+006
-1.547527e+006 4.183192e+006 5.129495e+006
-3.256901e+006 3.853624e+006 4.556650e+006
-4.729768e+006 3.244202e+006 3.652895e+006
-5.859371e+006 2.399318e+006 2.484014e+006
-6.563995e+006 1.380403e+006 1.134956e+006
-6.792842e+006 2.614218e+005 -2.963797e+005
-6.529622e+006 -8.765041e+005 -1.706256e+006
-5.793653e+006 -1.950977e+006 -2.992606e+006
-4.638389e+006 -2.884261e+006 -4.062385e+006
-3.147528e+006 -3.608866e+006 -4.838246e+006
-1.428959e+006 -4.072388e+006 -5.264084e+006
3.929924e+005 -4.241268e+006 -5.309061e+006
2.186496e+006 -4.103210e+006 -4.969824e+006
3.821691e+006 -3.668087e+006 -4.270782e+006
5.180043e+006 -2.967262e+006 -3.262383e+006
6.162929e+006 -2.051373e+006 -2.017531e+006
6.698822e+006 -9.867091e+005 -6.263620e+005
6.748542e+006 1.495574e+005 8.102551e+005
6.308196e+006 1.274956e+006 2.188023e+006
5.409537e+006 2.307717e+006 3.406816e+006
4.117715e+006 3.172750e+006 4.377996e+006
2.526558e+006 3.807138e+006 5.030916e+006
7.517260e+005 4.164760e+006 5.318104e+006
-1.077751e+006 4.219661e+006 5.218740e+006
-2.828924e+006 3.967947e+006 4.740163e+006
-4.374642e+006 3.428038e+006 3.917303e+006
-5.602818e+006 2.639285e+006 2.810081e+006
-6.424556e+006 1.659062e+006 1.498998e+006
-6.780546e+006 5.585567e+005 7.923221e+004
-6.645285e+006 -5.824247e+005 -1.346284e+006
-6.028839e+006 -1.681240e+006 -2.674325e+006
-4.976037e+006 -2.658376e+006 -3.808811e+006
-3.563189e+006 -3.443167e+006 -4.667712e+006
-1.892560e+006 -3.978861e+006 -5.188925e+006
-8.500984e+004 -4.226691e+006 -5.334729e+006
1.728685e+006 -4.168663e+006 -5.094494e+006
3.417231e+006 -3.808866e+006 -4.485470e+006
4.858269e+006 -3.173210e+006 -3.551585e+006
5.947222e+006 -2.307600e+006 -2.360328e+006
6.604898e+006 -1.274659e+006 -9.979191e+005
6.783297e+006 -1.492336e+005 4.368911e+005
6.469178e+006 9.870198e+005 1.839970e+006
5.685104e+006 2.051564e+006 3.109375e+006
4.487871e+006 2.967008e+006 4.152803e+006
2.964407e+006 3.666771e+006 4.894352e+006
1.225438e+006 4.099969e+006 5.280093e+006
-6.026138e+005 4.235139e+006 5.282023e+006
-2.386881e+006 4.062540e+006 4.900106e+006
-3.997775e+006 3.594838e+006 4.162243e+006
-5.318440e+006 2.866144e+006 3.122192e+006
