-1.687649320141e+006 -6.108337020636e+006 -2.471324786406e+006
-7.086909793595e+005 -6.670120439565e+006 -1.119936252621e+006
3.096306830394e+005 -6.784848413486e+006 3.127031785118e+005
1.309507831982e+006 -6.444297146907e+006 1.722628933575e+006
2.234131045695e+006 -5.671205034151e+006 3.007410413699e+006
3.030769530658e+006 -4.517777646197e+006 4.073630978959e+006
3.653656619665e+006 -3.062129374246e+006 4.843731936162e+006
4.066528772895e+006 -1.402903790684e+006 5.261704377308e+006
4.244679578032e+006 3.475459046715e+005 5.297196828049e+006
4.176413757514e+006 2.070925374853e+006 4.947727672348e+006
3.863815775942e+006 3.651154739879e+006 4.238838683387e+006
3.322783598480e+006 4.982324725872e+006 3.222186143800e+006
2.582316428621e+006 5.975889776170e+006 1.971724222486e+006
1.683084046698e+006 6.566600257266e+006 5.782775426002e+005
6.753424486921e+005 6.716777665381e+006 -8.570851810212e+005
-3.837070459432e+005 6.418663577591e+006 -2.230384681734e+006
-1.432989434336e+006 5.694712691552e+006 -3.442239023915e+006
-2.410909725828e+006 4.595842560504e+006 -4.405010764325e+006
-3.258823277114e+006 3.197787271016e+006 -5.049092175034e+006
-3.924445151319e+006 1.595822105225e+006 -5.327892649488e+006
-4.365015587590e+006 -1.017739183443e+005 -5.221183747750e+006
-4.550040368054e+006 -1.781075432062e+006 -4.736568846986e+006
-4.463434018904e+006 -3.330196833113e+006 -3.908970090815e+006
-4.104913284804e+006 -4.646795883502e+006 -2.798159027269e+006
-3.490517973922e+006 -5.644894648725e+006 -1.484492122276e+006
-2.652177984999e+006 -6.260558863615e+006 -6.314046839658e+004
-1.636297052720e+006 -6.456050405463e+006 1.362784192073e+006
-5.013849200004e+005 -6.222168381544e+006 2.689716689984e+006
6.851643461513e+005 -5.578619186707e+006 3.821193337165e+006
1.850985217667e+006 -4.572396043331e+006 4.674914066486e+006
2.923122446685e+006 -3.274293033480e+006 5.188780656655e+006
3.832613163359e+006 -1.773816073240e+006 5.325453162967e+006
4.518973064908e+006 -1.728702769890e+005 5.075078914111e+006
4.934283645927e+006 1.421310556058e+006 4.455990136799e+006
5.046594657210e+006 2.903478817765e+006 3.513324496541e+006
4.842394978698e+006 4.177413756993e+006 2.315682952517e+006
4.327962600777e+006 5.162204454319e+006 9.500869729791e+005
3.529476135307e+006 5.797362431336e+006 -4.843798620451e+005
2.491849086064e+006 6.046449537169e+006 -1.883771298397e+006
1.276330393504e+006 5.899020642700e+006 -3.146792968432e+006
-4.300730624481e+004 5.370802639272e+006 -4.182093961118e+006
-1.383698121229e+006 4.502149485419e+006 -4.914822109095e+006
-2.659977187092e+006 3.354922282650e+006 -5.291987328841e+006
-3.788236141711e+006 2.008037245566e+006 -5.286262456464e+006
-4.692503636649e+006 5.519995614084e+005 -4.897957836221e+006
-5.309599482306e+006 -9.172042481965e+005 -4.155028522439e+006
-5.593615404850e+006 -2.304451293251e+006 -3.111105203579e+006
-5.519400902512e+006 -3.521651823285e+006 -1.841675176318e+006
-5.084781595826e+006 -4.493346131340e+006 -4.386703721029e+005
-4.311308391391e+006 -5.161372260737e+006 9.961628867107e+005
-3.243427270430e+006 -5.488310705747e+006 2.358642138630e+006
-1.946066661634e+006 -5.459496108853e+006 3.549740226050e+006
-5.007537630285e+005 -5.083485929546e+006 4.482829195086e+006
9.995143490594e+005 -4.390983967719e+006 5.090033528348e+006
2.456318143464e+006 -3.432326236160e+006 5.327211671092e+006
3.772374803645e+006 -2.273736503294e+006 5.177187628938e+006
4.858153570613e+006 -9.926417498320e+005 4.650989564780e+006
5.638078945848e+006 3.276047110226e+005 3.787007614914e+006
6.055877256013e+006 1.603216200522e+006 2.648144193080e+006
6.078681175237e+006 2.755307214430e+006 1.317182242767e+006
5.699594198213e+006 3.714725720142e+006 -1.092726846773e+005
4.938524736535e+006 4.426092379999e+006 -1.527821755645e+006
3.841218660278e+006 4.850825705146e+006 -2.835757264693e+006
2.476539810928e+006 4.969011634504e+006 -3.938463497920e+006
9.321636229573e+005 4.780056628736e+006 -4.756210920312e+006
-6.910474991062e+005 4.302141091566e+006 -5.229870110280e+006
-2.285632296866e+006 3.570559806023e+006 -5.325150348697e+006
-3.744661120583e+006 2.635094810683e+006 -5.035069486323e+006
-4.968945324179e+006 1.556613543940e+006 -4.380480776743e+006
-5.873846499180e+006 4.031190860282e+005 -3.408612709353e+006
-6.395218546962e+006 -7.544988722571e+005 -2.189713007160e+006
-6.494058930118e+006 -1.846756026167e+006 -8.120205933088e+005
-6.159518518372e+006 -2.809656897425e+006 6.245887426883e+005
-5.410021844917e+006 -3.588336497626e+006 2.015835012976e+006
-4.292375617460e+006 -4.140058947853e+006 3.260623605895e+006
-2.878885832821e+006 -4.436414347748e+006 4.268433735149e+006
-1.262651964444e+006 -4.464607985085e+006 4.965953716167e+006
4.486530246872e+005 -4.227795254580e+006 5.302461667395e+006
2.140087657711e+006 -3.744476008256e+006 5.253543054252e+006
3.697315002423e+006 -3.047020389667e+006 4.822864252300e+006
5.014480791269e+006 -2.179448646981e+006 4.041872674384e+006
6.001532203392e+006 -1.194626420147e+006 2.967454988967e+006
6.590456866949e+006 -1.510626446087e+005 1.677740804383e+006
6.740005128902e+006 8.904927636877e+005 2.663763800966e+005
6.438572236461e+006 1.870456531529e+006 -1.164299229816e+006
5.705050902279e+006 2.733645540412e+006 -2.510671569125e+006
4.587606532520e+006 3.432179161031e+006 -3.675325144325e+006
3.160467692702e+006 3.927921395497e+006 -4.574044121240e+006
1.518953680983e+006 4.194364423869e+006 -5.141849835956e+006
-2.269263697565e+005 4.217884553723e+006 -5.337657074358e+006
-1.959877951394e+006 3.998330443329e+006 -5.147227292548e+006
-3.563239971365e+006 3.548930451092e+006 -4.584212062106e+006
-4.928892141050e+006 2.895531116130e+006 -3.689208030309e+006
-5.964619987192e+006 2.075203835043e+006 -2.526879232667e+006
-6.600434234742e+006 1.134280961498e+006 -1.181336638293e+006
-6.793401769137e+006 1.259071524216e+005 2.499096266911e+005
-6.530638691126e+006 -8.927841013651e+005 1.663001671888e+006
-5.830237863233e+006 -1.863737623288e+006 2.955283334131e+006
-4.740046923253e+006 -2.731137029750e+006 4.032795357219e+006
-3.334368408130e+006 -3.444497133317e+006 4.817158353645e+006
-1.708808478914e+006 -3.961522109857e+006 5.251324680040e+006
2.635862912485e+004 -4.250569130990e+006 5.303762684207e+006
1.753830963461e+006 -4.292573357221e+006 4.970756370811e+006
3.357370264536e+006 -4.082315398637e+006 4.276650013711e+006
4.729761871406e+006 -3.628946501109e+006 3.272027144419e+006
5.780079270154e+006 -2.955726069822e+006 2.029971919943e+006
6.439751060060e+006 -2.098968582705e+006 6.407040965476e+005
6.667026232049e+006 -1.106239872112e+006 -7.950048376375e+005
6.449557561067e+006 -3.388261142412e+004 -2.173145306603e+006
5.804960283058e+006 1.056012357445e+006 -3.393981203444e+006
4.779344039865e+006 2.099040914193e+006 -4.369223612475e+006
3.443950012926e+006 3.032154113683e+006 -5.028363308051e+006
1.890144813692e+006 3.797368178618e+006 -5.323722716930e+006
2.231230482444e+005 4.345312633012e+006 -5.233878351548e+006
-1.445253261327e+006 4.638410165858e+006 -4.765215474515e+006
-3.003999217453e+006 4.653487652559e+006 -3.951501989074e+006
-4.350434681584e+006 4.383635594266e+006 -2.851502036243e+006
-5.397001285281e+006 3.839162876599e+006 -1.544784683487e+006
-6.077013242025e+006 3.047537219241e+006 -1.260116884077e+005
-6.348955233528e+006 2.052257038122e+006 1.301898020727e+006
-6.199036750952e+006 9.106669320074e+005 2.635239928108e+006
-5.641832235682e+006 -3.091980756100e+005 3.777087623891e+006
-4.718972083950e+006 -1.532581380434e+006 4.644387898200e+006
-3.495990422486e+006 -2.682560314281e+006 5.174053873974e+006
-2.057570669087e+006 -3.684907154026e+006 5.327594236808e+006
-5.015461702137e+005 -4.472939068811e+006 5.093927326799e+006
1.067899566937e+006 -4.992027623786e+006 4.490169524060e+006
2.547338086513e+006 -5.203451815408e+006 3.560345165237e+006
3.841002716103e+006 -5.087316191433e+006 2.372125564346e+006
4.867022541596e+006 -4.644314428156e+006 1.011853179250e+006
5.562575405805e+006 -3.896193442549e+006 -4.217687673357e+005
5.887643309449e+006 -2.884857699313e+006 -1.824849770153e+006
5.827162893135e+006 -1.670141633931e+006 -3.095824127737e+006
5.391480435701e+006 -3.263633565563e+005 -4.142763254688e+006
4.615135076732e+006 1.062148034169e+006 -4.889973124147e+006
3.554100006428e+006 2.406291193630e+006 -5.283418047998e+006
2.281703056831e+006 3.617883221222e+006 -5.294596028617e+006
8.835220268824e+005 4.615449656412e+006 -4.922596905977e+006
-5.483953755466e+005 5.329741907807e+006 -4.194196564375e+006
-1.921604379950e+006 5.708611847468e+006 -3.161972424329e+006
-3.149235143458e+006 5.720897236788e+006 -1.900560684680e+006
-4.155482019102e+006 5.359020326824e+006 -5.013068226953e+005
-4.880263776330e+006 4.640074012056e+006 9.343207109802e+005
-5.282764504600e+006 3.605264346785e+006 2.302086925187e+006
-5.343642536091e+006 2.317688760544e+006 3.502584090299e+006
-5.065786301657e+006 8.585499315525e+005 4.448502420701e+006
-4.473597810599e+006 -6.779746527013e+005 5.071032808405e+006
-3.610887766796e+006 -2.190879342168e+006 5.324916965261e+006
-2.537562014887e+006 -3.579078261968e+006 5.191761515090e+006
-1.325359822922e+006 -4.748284610196e+006 4.681366547469e+006
-5.296229609673e+004 -5.617533670261e+006 3.830973849354e+006
1.199179734329e+006 -6.124882353737e+006 2.702501138756e+006
2.353946112364e+006 -6.231875705400e+006 1.377981490644e+006
3.342248351555e+006 -5.926458674546e+006 -4.644125722596e+004
4.107049391471e+006 -5.224121254689e+006 -1.467509911482e+006
4.606482598432e+006 -4.167187740453e+006 -2.782329691986e+006
4.815922658191e+006 -2.822285996626e+006 -3.895783894898e+006
4.728934832436e+006 -1.276153078960e+006 -4.727364900671e+006
4.357100907951e+006 3.699579808115e+005 -5.216944144522e+006
3.728785331780e+006 2.006914691866e+006 -5.329082005326e+006
2.886960314734e+006 3.524958375289e+006 -5.055579393811e+006
1.886253996546e+006 4.821102311439e+006 -4.416091251884e+006
7.894193846226e+005 5.806183155279e+006 -3.456752161169e+006
-3.365553390408e+005 6.411084219383e+006 -2.246899325554e+006
-1.424463847851e+006 6.591690330457e+006 -8.741111050437e+005
-2.410794826342e+006 6.332205947921e+006 5.620981438846e+005
-3.239321905685e+006 5.646570294081e+006 1.957482879887e+006
-3.864175190493e+006 4.577829967810e+006 3.210651901156e+006
-4.252233035173e+006 3.195473696777e+006 4.230477289576e+006
-4.384716556587e+006 1.590884794215e+006 4.942773534044e+006
-4.257920261060e+006 -1.287890656138e+005 5.295742305860e+006
-3.883065431359e+006 -1.847924275758e+006 5.263769456541e+006
-3.285316244535e+006 -3.450350872075e+006 4.849287253597e+006
-2.502046527994e+006 -4.827355392271e+006 4.082565486894e+006
-1.580484637381e+006 -5.885183229348e+006 3.019455950734e+006
-5.748920325532e+005 -6.551507729089e+006 1.737271175926e+006
4.565528078958e+005 -6.780413793890e+006 3.291165347143e+005
1.454989286532e+006 -6.555556681074e+006 -1.102895861358e+006
2.364059625779e+006 -5.891290272297e+006 -2.455049755602e+006
3.132889026227e+006 -4.831701863764e+006 -3.629507870487e+006
3.718725973806e+006 -3.447632463370e+006 -4.541343897861e+006
4.089130676774e+006 -1.831893034134e+006 -5.124631371380e+006
4.223622478794e+006 -9.300203857826e+004 -5.337167698763e+006
4.114720722594e+006 1.652137313139e+006 -5.163506891016e+006
3.768336786652e+006 3.286134755120e+006 -4.616088936803e+006
3.203497996032e+006 4.699061054960e+006 -3.734381342521e+006
2.451408781916e+006 5.795913884660e+006 -2.582082761296e+006
1.553879968839e+006 6.503093755309e+006 -1.242572858580e+006
5.611854978256e+005 6.773439590808e+006 1.870813242215e+005
-4.705656433044e+005 6.589464323886e+006 1.603143039655e+006
-1.482425089738e+006 5.964549725215e+006 2.902744917735e+006
-2.415824524242e+006 4.942001526437e+006 3.991398271807e+006
-3.215854244655e+006 3.592020188248e+006 4.789914039517e+006
-3.834422334459e+006 2.006797325897e+006 5.240213858226e+006
-4.233113142656e+006 2.940894290922e+005 5.309590302923e+006
-4.385572960086e+006 -1.430264960657e+006 4.993093466272e+006
-4.279271165372e+006 -3.050341009186e+006 4.313866632477e+006
-3.916517122507e+006 -4.458059925503e+006 3.321413418197e+006
-3.314653174830e+006 -5.560495921482e+006 2.087937690147e+006
-2.505389819610e+006 -6.286053161529e+006 7.030417260673e+005
-1.533297617434e+006 -6.589102183395e+006 -7.328142202669e+005
-4.535174031920e+005 -6.452785798050e+006 -2.115604648442e+006
6.712048163541e+005 -5.889839115213e+006 -3.345253016891e+006
1.774012271357e+006 -4.941407195565e+006 -4.332831062445e+006
2.787782579490e+006 -3.673976534240e+006 -5.006937734594e+006
3.649118106680e+006 -2.174655784859e+006 -5.318815046545e+006
4.302259297864e+006 -5.451412972381e+005 -5.245847440706e+006
4.702689887171e+006 1.105219561767e+006 -4.793201250765e+006
4.820206074239e+006 2.666802221643e+006 -3.993485571978e+006
4.641237323773e+006 4.037026709363e+006 -2.904449114296e+006
4.170235916323e+006 5.127142482114e+006 -1.604862609158e+006
3.429997306828e+006 5.868025599112e+006 -1.888653889404e+005
2.460831979123e+006 6.214601833043e+006 1.240830742362e+006
1.318580935680e+006 6.148600322851e+006 2.580396410618e+006
7.154643867685e+004 5.679457069824e+006 3.732456076270e+006
-1.203509596121e+006 4.843318380420e+006 4.613215059860e+006
-2.426070505686e+006 3.700231011152e+006 5.158606697246e+006
-3.516980848172e+006 2.329738001703e+006 5.328993695069e+006
-4.403638251705e+006 8.252141444527e+005 5.112066914051e+006
-5.024906776654e+006 -7.126369355478e+005 4.523724414550e+006
-5.335407030055e+006 -2.182649906034e+006 3.606870955524e+006
-5.308873681135e+006 -3.489941308983e+006 2.428238672666e+006
-4.940330905973e+006 -4.552067031561e+006 1.073478925240e+006
-4.246913841270e+006 -5.304191120864e+006 -3.590991610185e+005
-3.267253538869e+006 -5.702949105688e+006 -1.765675216158e+006
-2.059437255501e+006 -5.728792482204e+006 -3.044426207223e+006
-6.976479327566e+005 -5.386712553863e+006 -4.102858506883e+006
7.323272695119e+005 -4.705351558325e+006 -4.864446613553e+006
2.138454962403e+006 -3.734611438658e+006 -5.274116654726e+006
3.428355963933e+006 -2.541959727896e+006 -5.302195740476e+006
4.515380580876e+006 -1.207704346774e+006 -4.946553388243e+006
5.324467885978e+006 1.804366690861e+005 -4.232782705692e+006
5.797396854033e+006 1.533110975015e+006 -3.212400680420e+006
5.897059404306e+006 2.765079954817e+006 -1.959182170832e+006
5.610433522836e+006 3.800574578475e+006 -5.638735874666e+005
4.950007571149e+006 4.577923980349e+006 8.723485799753e+005
3.953503429512e+006 5.053172189604e+006 2.245211356269e+006
2.681860311456e+006 5.202468372732e+006 3.454940367810e+006
1.215566516895e+006 5.023100010824e+006 4.413556263423e+006
-3.504476511537e+005 4.533132846413e+006 5.051326019638e+006
-1.913028004243e+006 3.769718440751e+006 5.321880963709e+006
-3.367704445756e+006 2.786221129371e+006 5.205612881905e+006
-4.615806499325e+006 1.648394425518e+006 4.711092348698e+006
-5.571281326520e+006 4.298945974830e+005 3.874407501496e+006
-6.166726066329e+006 -7.925475532633e+005 2.756482624637e+006
-6.358202122955e+006 -1.943968347269e+006 1.438589421695e+006
-6.128486943443e+006 -2.955716369325e+006 1.639661394016e+004
-5.488530264506e+006 -3.769429823122e+006 -1.406994562794e+006
-4.477007475882e+006 -4.340229419549e+006 -2.728516454274e+006
-3.157991774277e+006 -4.638974807508e+006 -3.852564446597e+006
-1.616892005710e+006 -4.653498942372e+006 -4.697863883357e+006
4.508453993646e+004 -4.388801192340e+006 -5.203295308681e+006
1.717589053314e+006 -3.866239216342e+006 -5.332275085483e+006
3.288478146037e+006 -3.121811866928e+006 -5.075388360341e+006
4.651371746789e+006 -2.203668056924e+006 -4.451089133586e+006
5.712920110713e+006 -1.169009474397e+006 -3.504411806019e+006
6.399285615715e+006 -8.057886897659e+004 -2.303773563165e+006
6.661384050289e+006 9.970608953250e+005 -9.360801281720e+005
6.478500587994e+006 2.001247345754e+006 4.995293738897e+005
5.859996972280e+006 2.874734322004e+006 1.898858377503e+006
4.844953360329e+006 3.568815558018e+006 3.160233283292e+006
3.499733586848e+006 4.045893250612e+006 4.191931836817e+006
1.913615756274e+006 4.281363646396e+006 4.918905131603e+006
1.927772561072e+005 4.264733986748e+006 5.288285665909e+006
-1.546947515384e+006 3.999930859149e+006 5.273263244204e+006
-3.188021997636e+006 3.504808254802e+006 4.875035624306e+006
-4.619303875730e+006 2.809908367891e+006 4.122690650360e+006
-5.743702481483e+006 1.956567963915e+006 3.071037345910e+006
-6.484853681464e+006 9.944938179150e+005 1.796560305951e+006
-6.792346663288e+006 -2.104812178630e+004 3.918110168846e+005
-6.645148320269e+006 -1.032274063577e+006 -1.041339529901e+006
-6.053004022316e+006 -1.981997418041e+006 -2.399087607426e+006
-5.055736702536e+006 -2.816666221787e+006 -3.583187619116e+006
-3.720509267501e+006 -3.489182958586e+006 -4.508014441216e+006
-2.137248494183e+006 -3.961382139276e+006 -5.106702849942e+006
-4.125454636998e+005 -4.206057154424e+006 -5.335938681951e+006
1.337557111580e+006 -4.208446103521e+006 -5.179070666607e+006
2.995411049511e+006 -3.967105574425e+006 -4.647325567546e+006
4.449720652799e+006 -3.494122038356e+006 -3.779036397656e+006
5.603080590877e+006 -2.814634334857e+006 -2.636927716342e+006
6.378582930422e+006 -1.965667732714e+006 -1.303636408649e+006
6.725037342928e+006 -9.943113419014e+005 1.242270082219e+005
6.620435837117e+006 4.469569951312e+004 1.543061369680e+006
6.073409247004e+006 1.091867685750e+006 2.849802483397e+006
5.122561968831e+006 2.086228980069e+006 3.949445490804e+006
3.833723955365e+006 2.968757480194e+006 4.762002787574e+006
2.295312816911e+006 3.685825342402e+006 5.228373453499e+006
6.121409483729e+005 4.192435952404e+006 5.314678862326e+006
-1.101881150443e+006 4.455058104800e+006 5.014735836497e+006
-2.731613923028e+006 4.453873633936e+006 4.350483349113e+006
-4.168562193102e+006 4.184284261547e+006 3.370338088700e+006
-5.318195100907e+006 3.657563828824e+006 2.145613474266e+006
-6.106207476368e+006 2.900590757218e+006 7.652817765141e+005
-6.483307363828e+006 1.954649289977e+006 -6.705219528072e+005
-6.428231173775e+006 8.733418181400e+005 -2.057770678983e+006
-5.948819197369e+006 -2.802922333500e+005 -3.296061211471e+006
-5.081120923426e+006 -1.437308750892e+006 -4.295838153521e+006
-3.886630227248e+006 -2.526858512893e+006 -4.984818424930e+006
-2.447868966898e+006 -3.480436912554e+006 -5.313170325767e+006
-8.626373020053e+005 -4.236143319286e+006 -5.257089368352e+006
7.626731204767e+005 -4.742695931233e+006 -4.820522309592e+006
2.320253638567e+006 -4.962947542700e+006 -4.034915028576e+006
3.708065111544e+006 -4.876661160138e+006 -2.956992921314e+006
4.836562169086e+006 -4.482333344642e+006 -1.664717558354e+006
5.634511175190e+006 -3.797899259778e+006 -2.516928320906e+005
6.053517496237e+006 -2.860214973318e+006 1.179590855971e+006
6.070963301825e+006 -1.723288599353e+006 2.525193776421e+006
5.691166194646e+006 -4.553175428730e+005 3.687304913071e+006
4.944694400724e+006 8.653228211245e+005 4.581399893530e+006
3.885906154843e+006 2.154908470853e+006 5.142441273441e+006
2.588909790621e+006 3.329712994966e+006 5.329651333526e+006
1.142254168517e+006 4.311518022557e+006 5.129495138060e+006
-3.572527679991e+005 5.032910535803e+006 4.556650126119e+006
-1.811145292093e+006 5.441994599721e+006 3.652895386572e+006
-3.125851785096e+006 5.506178520018e+006 2.484014473224e+006
-4.218748085312e+006 5.214758628748e+006 1.134955652175e+006
-5.023317306789e+006 4.580101040853e+006 -2.963797359318e+005
-5.493100614230e+006 3.637316497133e+006 -1.706255836217e+006
-5.604220783866e+006 2.442423452360e+006 -2.992606324452e+006
-5.356366281595e+006 1.069093034197e+006 -4.062385242886e+006
-4.772228379706e+006 -3.958379183095e+005 -4.838246114333e+006
-3.895482238339e+006 -1.857818598460e+006 -5.264084443774e+006
-2.787488986381e+006 -3.220668308763e+006 -5.309060549829e+006
-1.522966416201e+006 -4.392911644672e+006 -4.969823975665e+006
-1.849291812806e+005 -5.293956913912e+006 -4.270781608075e+006
1.140766004198e+006 -5.859704860823e+006 -3.262382983741e+006
2.370919102453e+006 -6.047195617827e+006 -2.017531499074e+006
3.430183435842e+006 -5.837948883285e+006 -6.263619712633e+005
4.255638574704e+006 -5.239725781455e+006 8.102551163450e+005
4.800461747079e+006 -4.286539161601e+006 2.188023352454e+006
5.036482612604e+006 -3.036856418701e+006 3.406815696779e+006
4.955482407029e+006 -1.570068671115e+006 4.377995591780e+006
4.569185175481e+006 1.856849711657e+004 5.030915903667e+006
3.907979082793e+006 1.624196837902e+006 5.318104081071e+006
3.018491548342e+006 3.139394238885e+006 5.218739788967e+006
1.960217212506e+006 4.461497852551e+006 4.740162818418e+006
8.014549065014e+005 5.499691058206e+006 3.917302518657e+006
-3.851549651160e+005 6.181346898350e+006 2.810081140001e+006
-1.527189615711e+006 6.457174280205e+006 1.498997615493e+006
-2.556809154635e+006 6.304800729114e+006 7.923220996776e+004
-3.414668367991e+006 5.730538202535e+006 -1.346284097132e+006
-4.053163221046e+006 4.769206399742e+006 -2.674325004550e+006
-4.438855857512e+006 3.482020856432e+006 -3.808811137007e+006
-4.553981950749e+006 1.952682055546e+006 -4.667711954751e+006
-4.397003698036e+006 2.819185649111e+005 -5.188925498333e+006
-3.982225760784e+006 -1.419162652085e+006 -5.334729156526e+006
-3.338539609118e+006 -3.036487319852e+006 -5.094493653371e+006
-2.507401858510e+006 -4.460702008854e+006 -4.485469582256e+006
-1.540184108353e+006 -5.594629140503e+006 -3.551585042169e+006
-4.950563653279e+005 -6.359983378099e+006 -2.360327829788e+006
5.664178265836e+005 -6.702880721829e+006 -9.979190535567e+005
1.582787558085e+006 -6.597740339287e+006 4.368911359016e+005
2.496134344354e+006 -6.049279371634e+006 1.839969668337e+006
3.255226667497e+006 -5.092427538986e+006 3.109374776553e+006
3.818246208378e+006 -3.790134465500e+006 4.152802747400e+006
4.154949173565e+006 -2.229197031612e+006 4.894351831418e+006
4.248158362143e+006 -5.143844533460e+005 5.280092779118e+006
4.094520604942e+006 1.238728912215e+006 5.282023084180e+006
3.704506275550e+006 2.911712191243e+006 4.900105767504e+006
3.101669197375e+006 4.391436530936e+006 4.162242570694e+006
2.321224626267e+006 5.577858127995e+006 3.122191994845e+006
