-2.986566e-001 -4.786888e-001 1.405862e-001 8.135704e-001
-2.796246e-001 -5.823293e-001 1.820108e-001 7.413331e-001
-2.532844e-001 -6.771087e-001 2.173494e-001 6.558431e-001
-2.223110e-001 -7.595756e-001 2.487376e-001 5.583479e-001
-1.872659e-001 -8.282033e-001 2.755951e-001 4.506198e-001
-1.487890e-001 -8.817171e-001 2.974240e-001 3.346278e-001
-1.075858e-001 -9.191223e-001 3.138195e-001 2.125011e-001
-6.441694e-002 -9.397253e-001 3.244773e-001 8.649497e-002
-2.007090e-002 -9.431499e-001 3.292068e-001 -4.108957e-002
2.463149e-002 -9.293411e-001 3.279170e-001 -1.678952e-001
6.886714e-002 -8.985678e-001 3.206419e-001 -2.915852e-001
1.118270e-001 -8.514143e-001 3.075206e-001 -4.099019e-001
1.527275e-001 -7.887652e-001 2.888010e-001 -5.206897e-001
1.908260e-001 -7.117857e-001 2.648327e-001 -6.219406e-001
2.254344e-001 -6.218964e-001 2.360589e-001 -7.118289e-001
2.559308e-001 -5.207436e-001 2.030072e-001 -7.887418e-001
2.817666e-001 -4.101807e-001 1.662835e-001 -8.512985e-001
3.024868e-001 -2.921718e-001 1.265410e-001 -8.984012e-001
3.177132e-001 -1.688865e-001 8.450965e-002 -9.291899e-001
3.271729e-001 -4.253473e-002 4.094387e-002 -9.431184e-001
3.306956e-001 8.460946e-002 -3.372277e-003 -9.399310e-001
3.282142e-001 2.102528e-001 -4.763953e-002 -9.196737e-001
3.197693e-001 3.321213e-001 -9.105736e-002 -8.826957e-001
3.055055e-001 4.480009e-001 -1.328378e-001 -8.296479e-001
2.856719e-001 5.557892e-001 -1.722218e-001 -7.614654e-001
2.606229e-001 6.534991e-001 -2.084857e-001 -6.793735e-001
2.308081e-001 7.393339e-001 -2.409628e-001 -5.848503e-001
1.967670e-001 8.117058e-001 -2.690531e-001 -4.796111e-001
1.591203e-001 8.692713e-001 -2.922362e-001 -3.655764e-001
1.185574e-001 9.109600e-001 -3.100821e-001 -2.448369e-001
7.582427e-002 9.359976e-001 -3.222606e-001 -1.196133e-001
3.170770e-002 9.439223e-001 -3.285493e-001 7.786305e-003
-1.298076e-002 9.345961e-001 -3.288335e-001 1.350192e-001
-5.741604e-002 9.082055e-001 -3.231113e-001 2.597408e-001
-1.007858e-001 8.652522e-001 -3.114957e-001 3.796726e-001
-1.422972e-001 8.065445e-001 -2.942070e-001 4.926253e-001
-1.811956e-001 7.331766e-001 -2.715690e-001 5.965488e-001
-2.167775e-001 6.465054e-001 -2.440013e-001 6.895663e-001
-2.484025e-001 5.481211e-001 -2.120105e-001 7.700071e-001
-2.755040e-001 4.398171e-001 -1.761802e-001 8.364323e-001
-2.975973e-001 3.235569e-001 -1.371602e-001 8.876564e-001
-3.142866e-001 2.014477e-001 -9.565796e-002 9.227634e-001
-3.252720e-001 7.567039e-002 -5.241512e-002 9.411295e-001
-3.303545e-001 -5.148833e-002 -8.217984e-003 9.424157e-001
-3.294400e-001 -1.777443e-001 3.613952e-002 9.265906e-001
-3.225414e-001 -3.008141e-001 7.985569e-002 8.939245e-001
-3.097755e-001 -4.184675e-001 1.221387e-001 8.449889e-001
-2.913654e-001 -5.285617e-001 1.622190e-001 7.806496e-001
-2.676378e-001 -6.290812e-001 1.993634e-001 7.020549e-001
-2.390178e-001 -7.181779e-001 2.328899e-001 6.106172e-001
-2.060228e-001 -7.942010e-001 2.621777e-001 5.079983e-001
-1.692528e-001 -8.557445e-001 2.866864e-001 3.960629e-001
-1.293808e-001 -9.016626e-001 3.059609e-001 2.768629e-001
-8.713930e-002 -9.311021e-001 3.196439e-001 1.525890e-001
-4.330614e-002 -9.435181e-001 3.274848e-001 2.553183e-002
1.311702e-003 -9.386881e-001 3.293404e-001 -1.019700e-001
4.589238e-002 -9.167139e-001 3.251790e-001 -2.275702e-001
8.961770e-002 -8.780163e-001 3.150842e-001 -3.489670e-001
1.316886e-001 -8.233247e-001 2.992485e-001 -4.639448e-001
1.713390e-001 -7.536610e-001 2.779694e-001 -5.704130e-001
2.078508e-001 -6.703161e-001 2.516423e-001 -6.664462e-001
2.405660e-001 -5.748224e-001 2.207522e-001 -7.503171e-001
2.688979e-001 -4.689235e-001 1.858634e-001 -8.205239e-001
2.923396e-001 -3.545417e-001 1.476097e-001 -8.758134e-001
3.104721e-001 -2.337448e-001 1.066828e-001 -9.151990e-001
3.229694e-001 -1.087055e-001 6.381933e-002 -9.379771e-001
3.296047e-001 1.830435e-002 1.979767e-002 -9.437340e-001
3.302581e-001 1.450180e-001 -2.459559e-002 -9.323596e-001
3.249136e-001 2.691372e-001 -6.855614e-002 -9.040444e-001
3.136612e-001 3.884148e-001 -1.112885e-001 -8.592819e-001
2.966963e-001 5.006816e-001 -1.520159e-001 -7.988619e-001
2.743190e-001 6.038849e-001 -1.899945e-001 -7.238606e-001
2.469294e-001 6.961283e-001 -2.245268e-001 -6.356249e-001
2.150213e-001 7.757089e-001 -2.549763e-001 -5.357505e-001
1.791742e-001 8.411520e-001 -2.807796e-001 -4.260549e-001
1.400423e-001 8.912422e-001 -3.014586e-001 -3.085422e-001
9.834611e-002 9.250459e-001 -3.166289e-001 -1.853760e-001
5.485123e-002 9.419382e-001 -3.260123e-001 -5.882019e-002
1.035914e-002 9.416111e-001 -3.294370e-001 6.879257e-002
-3.431064e-002 9.240820e-001 -3.268422e-001 1.951138e-001
-7.833719e-002 8.896895e-001 -3.182811e-001 3.178254e-001
-1.209153e-001 8.390829e-001 -3.039191e-001 4.346868e-001
-1.612683e-001 7.732130e-001 -2.840257e-001 5.435656e-001
-1.986651e-001 6.932990e-001 -2.589724e-001 6.424967e-001
-2.324306e-001 6.008146e-001 -2.292213e-001 7.296954e-001
-2.619584e-001 4.974515e-001 -1.953172e-001 8.035987e-001
-2.867201e-001 3.850887e-001 -1.578769e-001 8.628865e-001
-3.062731e-001 2.657593e-001 -1.175779e-001 9.065011e-001
-3.202662e-001 1.416169e-001 -7.514773e-002 9.336632e-001
-3.284470e-001 1.489845e-002 -3.135159e-002 9.438843e-001
-3.306672e-001 -1.121148e-001 1.302215e-002 9.369738e-001
-3.268831e-001 -2.371301e-001 5.717278e-002 9.130433e-001
-3.171577e-001 -3.578839e-001 1.003015e-001 8.725077e-001
-3.016584e-001 -4.721834e-001 1.416254e-001 8.160804e-001
-2.806586e-001 -5.779415e-001 1.803906e-001 7.447642e-001
-2.545328e-001 -6.732171e-001 2.158862e-001 6.598371e-001
-2.237510e-001 -7.562534e-001 2.474584e-001 5.628326e-001
-1.888713e-001 -8.255133e-001 2.745237e-001 4.555131e-001
-1.505303e-001 -8.797102e-001 2.965803e-001 3.398392e-001
-1.094316e-001 -9.178357e-001 3.132177e-001 2.179382e-001
-6.632793e-002 -9.391845e-001 3.241336e-001 9.203562e-002
-2.201815e-002 -9.433615e-001 3.291233e-001 -3.552622e-002
2.268488e-002 -9.303007e-001 3.280987e-001 -1.624105e-001
6.695787e-002 -9.002577e-001 3.210826e-001 -2.862842e-001
1.099900e-001 -8.538026e-001 3.082120e-001 -4.048812e-001
1.509962e-001 -7.918072e-001 2.897301e-001 -5.160406e-001
1.892321e-001 -7.154253e-001 2.659827e-001 -6.177468e-001
2.240062e-001 -6.260657e-001 2.374075e-001 -7.081671e-001
2.546940e-001 -5.253666e-001 2.045302e-001 -7.856770e-001
2.807456e-001 -4.151611e-001 1.679493e-001 -8.488912e-001
3.016951e-001 -2.974457e-001 1.283277e-001 -8.966817e-001
3.171676e-001 -1.743457e-001 8.638088e-002 -9.281954e-001
3.268831e-001 -4.808089e-002 4.286601e-002 -9.428670e-001
3.306670e-001 7.907644e-002 -1.433934e-003 -9.404277e-001
3.284474e-001 2.048343e-001 -4.572047e-002 -9.209098e-001
3.202605e-001 3.269129e-001 -8.919143e-002 -8.846502e-001
3.062455e-001 4.431027e-001 -1.310604e-001 -8.322841e-001
2.866487e-001 5.512832e-001 -1.705637e-001 -7.647400e-001
2.618187e-001 6.494715e-001 -2.069780e-001 -6.832261e-001
2.322013e-001 7.358589e-001 -2.396333e-001 -5.892114e-001
1.983324e-001 8.088479e-001 -2.679264e-001 -4.844015e-001
1.608292e-001 8.670837e-001 -2.913332e-001 -3.707085e-001
1.203784e-001 9.094836e-001 -3.094195e-001 -2.502164e-001
7.772389e-002 9.352598e-001 -3.218507e-001 -1.251409e-001
3.364959e-002 9.439367e-001 -3.283997e-001 2.216034e-003
-1.102941e-002 9.353619e-001 -3.289468e-001 1.295007e-001
-5.549367e-002 9.097073e-001 -3.234851e-001 2.543824e-001
-9.892671e-002 8.674620e-001 -3.121228e-001 3.745698e-001
-1.405353e-001 8.094209e-001 -2.950756e-001 4.878710e-001
-1.795628e-001 7.366661e-001 -2.726628e-001 5.922290e-001
-2.153032e-001 6.505436e-001 -2.453002e-001 6.857589e-001
-2.471133e-001 5.526343e-001 -2.134908e-001 7.667803e-001
-2.744232e-001 4.447236e-001 -1.778153e-001 8.338432e-001
-2.967438e-001 3.287656e-001 -1.389192e-001 8.857526e-001
-3.136763e-001 2.068593e-001 -9.750743e-002 9.215795e-001
-3.249149e-001 8.120254e-002 -5.432696e-002 9.406833e-001
-3.302576e-001 -4.594290e-002 -1.015518e-002 9.427174e-001
-3.296052e-001 -1.722856e-001 3.421190e-002 9.276355e-001
-3.229668e-001 -2.955448e-001 7.797147e-002 8.956931e-001
-3.104520e-001 -4.134774e-001 1.203345e-001 8.474524e-001
-2.922822e-001 -5.239438e-001 1.605263e-001 7.837636e-001
-2.687784e-001 -6.249212e-001 1.978136e-001 7.057630e-001
-2.403618e-001 -7.145509e-001 2.315107e-001 6.148545e-001
-2.075457e-001 -7.911768e-001 2.609959e-001 5.126843e-001
-1.709270e-001 -8.533777e-001 2.857233e-001 4.011142e-001
-1.311756e-001 -8.999975e-001 3.052342e-001 2.821869e-001
-8.902166e-002 -9.301698e-001 3.191672e-001 1.580875e-001
-4.524132e-002 -9.433357e-001 3.272668e-001 3.110334e-002
-6.400805e-004 -9.392584e-001 3.293851e-001 -9.642985e-002
4.395901e-002 -9.180260e-001 3.254853e-001 -2.221603e-001
8.773879e-002 -8.800448e-001 3.156461e-001 -3.437885e-001
1.298982e-001 -8.260318e-001 3.000554e-001 -4.590911e-001
1.696696e-001 -7.569963e-001 2.790062e-001 -5.659721e-001
2.063325e-001 -6.742179e-001 2.528899e-001 -6.624982e-001
2.392261e-001 -5.792193e-001 2.221876e-001 -7.469328e-001
2.677604e-001 -4.737353e-001 1.874605e-001 -8.177639e-001
2.914249e-001 -3.596813e-001 1.493395e-001 -8.737268e-001
3.097972e-001 -2.391172e-001 1.085137e-001 -9.138235e-001
3.225447e-001 -1.142233e-001 6.572056e-002 -9.373360e-001
3.294395e-001 1.275445e-002 2.173111e-002 -9.438404e-001
3.303550e-001 1.395279e-001 -2.266240e-002 -9.332116e-001
3.252710e-001 2.638073e-001 -6.665835e-002 -9.056275e-001
3.142731e-001 3.833416e-001 -1.094605e-001 -8.615684e-001
2.975520e-001 4.959577e-001 -1.502911e-001 -8.018113e-001
2.754008e-001 5.996070e-001 -1.884078e-001 -7.274121e-001
2.482225e-001 6.923562e-001 -2.231010e-001 -6.397300e-001
2.164999e-001 7.725220e-001 -2.537410e-001 -5.403268e-001
1.808114e-001 8.386094e-001 -2.797577e-001 -4.310187e-001
1.418091e-001 8.893902e-001 -3.006687e-001 -3.138051e-001
1.002087e-001 9.239203e-001 -3.160861e-001 -1.908379e-001
5.677592e-002 9.415593e-001 -3.257262e-001 -6.438201e-002
1.231044e-002 9.419857e-001 -3.294131e-001 6.323327e-002
-3.236812e-002 9.252029e-001 -3.270799e-001 1.896591e-001
-7.644031e-002 8.915348e-001 -3.187773e-001 3.125757e-001
-1.190981e-001 8.416188e-001 -3.046632e-001 4.297368e-001
-1.595643e-001 7.763899e-001 -2.850043e-001 5.390089e-001
-1.971047e-001 6.970594e-001 -2.601670e-001 6.384129e-001
-2.310417e-001 6.050897e-001 -2.306101e-001 7.261578e-001
-2.607661e-001 5.021632e-001 -1.968748e-001 8.006706e-001
-2.857456e-001 3.901516e-001 -1.595750e-001 8.606201e-001
-3.055338e-001 2.710820e-001 -1.193859e-001 9.049368e-001
-3.197756e-001 1.471032e-001 -7.703293e-002 9.328291e-001
-3.282138e-001 2.044986e-002 -3.328013e-002 9.437955e-001
-3.306957e-001 -1.065996e-001 1.108555e-002 9.376321e-001
-3.271728e-001 -2.317495e-001 5.526260e-002 9.144376e-001
-3.177039e-001 -3.527351e-001 9.845223e-002 8.746138e-001
-3.024517e-001 -4.673602e-001 1.398707e-001 8.188612e-001
-2.816848e-001 -5.735322e-001 1.787625e-001 7.481701e-001
-2.557735e-001 -6.693031e-001 2.144148e-001 6.638068e-001
-2.251839e-001 -7.529073e-001 2.461709e-001 5.672942e-001
-1.904677e-001 -8.228010e-001 2.734453e-001 4.603783e-001
-1.522657e-001 -8.776748e-001 2.957285e-001 3.450317e-001
-1.112710e-001 -9.165192e-001 3.126110e-001 2.233509e-001
-6.824016e-002 -9.386095e-001 3.237798e-001 9.758188e-002
-2.396563e-002 -9.435396e-001 3.290308e-001 -2.995736e-002
2.073731e-002 -9.312280e-001 3.282690e-001 -1.569199e-001
6.504600e-002 -9.019165e-001 3.215122e-001 -2.809725e-001
1.081508e-001 -8.561594e-001 3.088926e-001 -3.998498e-001
1.492595e-001 -7.948222e-001 2.906493e-001 -5.113730e-001
1.876311e-001 -7.190396e-001 2.671225e-001 -6.135326e-001
2.225701e-001 -6.302136e-001 2.387479e-001 -7.044806e-001
2.534482e-001 -5.299722e-001 2.060463e-001 -7.825845e-001
2.797124e-001 -4.201408e-001 1.696136e-001 -8.464478e-001
3.008930e-001 -3.027096e-001 1.301101e-001 -8.949311e-001
3.166110e-001 -1.797985e-001 8.824906e-002 -9.271688e-001
3.265821e-001 -5.362484e-002 4.478652e-002 -9.425830e-001
3.306270e-001 7.354091e-002 5.044490e-004 -9.408917e-001
3.286693e-001 1.994081e-001 -4.379955e-002 -9.221141e-001
3.207405e-001 3.216947e-001 -8.732307e-002 -8.865736e-001
3.069755e-001 4.381862e-001 -1.292780e-001 -8.348929e-001
2.876157e-001 5.467581e-001 -1.688998e-001 -7.679880e-001
2.630055e-001 6.454211e-001 -2.054631e-001 -6.870551e-001
2.335865e-001 7.323581e-001 -2.382954e-001 -5.935522e-001
1.998908e-001 8.059618e-001 -2.667903e-001 -4.891750e-001
1.625323e-001 8.648661e-001 -2.904200e-001 -3.758274e-001
1.221946e-001 9.079763e-001 -3.087464e-001 -2.555841e-001
7.962021e-002 9.344896e-001 -3.214297e-001 -1.306625e-001
3.559187e-002 9.439181e-001 -3.282386e-001 -3.358708e-003
-9.078627e-003 9.360948e-001 -3.290486e-001 1.239803e-001
-5.356938e-002 9.111775e-001 -3.238476e-001 2.490154e-001
-9.706406e-002 8.696417e-001 -3.127390e-001 3.694539e-001
-1.387682e-001 8.122694e-001 -2.959340e-001 4.830993e-001
-1.779235e-001 7.401305e-001 -2.737474e-001 5.878882e-001
-2.138176e-001 6.545699e-001 -2.465935e-001 6.819178e-001
-2.458157e-001 5.571279e-001 -2.149636e-001 7.635272e-001
-2.733325e-001 4.496126e-001 -1.794430e-001 8.312268e-001
-2.958798e-001 3.339642e-001 -1.406737e-001 8.838178e-001
-3.130544e-001 2.122723e-001 -9.935646e-002 9.203617e-001
-3.245464e-001 8.673224e-002 -5.623710e-002 9.402045e-001
-3.301491e-001 -4.039595e-002 -1.209207e-002 9.429865e-001
-3.297587e-001 -1.668305e-001 3.228723e-002 9.286465e-001
-3.233793e-001 -2.902588e-001 7.608686e-002 8.974332e-001
-3.111179e-001 -4.084720e-001 1.185261e-001 8.498870e-001
-2.931887e-001 -5.193083e-001 1.588284e-001 7.868499e-001
-2.699096e-001 -6.207396e-001 1.962570e-001 7.094465e-001
-2.416975e-001 -7.109002e-001 2.301242e-001 6.190688e-001
-2.090616e-001 -7.881246e-001 2.598050e-001 5.173531e-001
-1.725955e-001 -8.509810e-001 2.847501e-001 4.061522e-001
-1.329660e-001 -8.983010e-001 3.044969e-001 2.875014e-001
-9.090092e-002 -9.292049e-001 3.186794e-001 1.635807e-001
-4.717364e-002 -9.431205e-001 3.270376e-001 3.667052e-002
-2.592356e-003 -9.397962e-001 3.294182e-001 -9.088446e-002
4.202455e-002 -9.193058e-001 3.257803e-001 -2.167441e-001
8.585693e-002 -8.820426e-001 3.161970e-001 -3.385984e-001
1.281032e-001 -8.287101e-001 3.008519e-001 -4.542215e-001
1.679941e-001 -7.603054e-001 2.800334e-001 -5.615114e-001
2.048069e-001 -6.780966e-001 2.541288e-001 -6.585269e-001
2.378779e-001 -5.835964e-001 2.236154e-001 -7.435224e-001
2.666138e-001 -4.785310e-001 1.890499e-001 -8.149757e-001
2.904996e-001 -3.648042e-001 1.510631e-001 -8.716122e-001
3.091105e-001 -2.444842e-001 1.103412e-001 -9.124160e-001
3.221094e-001 -1.197318e-001 6.761796e-002 -9.366630e-001
3.292629e-001 7.202449e-003 2.366432e-002 -9.439142e-001
3.304404e-001 1.340325e-001 -2.072821e-002 -9.340315e-001
3.256171e-001 2.584680e-001 -6.475816e-002 -9.071792e-001
3.148740e-001 3.782554e-001 -1.076287e-001 -8.638248e-001
2.983971e-001 4.912172e-001 -1.485611e-001 -8.047325e-001
2.764775e-001 5.952896e-001 -1.868081e-001 -7.309536e-001
2.495069e-001 6.885603e-001 -2.216675e-001 -6.438125e-001
2.179711e-001 7.693080e-001 -2.524969e-001 -5.448845e-001
1.824428e-001 8.360370e-001 -2.787259e-001 -4.359687e-001
1.435707e-001 8.875074e-001 -2.998683e-001 -3.190566e-001
1.020681e-001 9.227622e-001 -3.155321e-001 -1.962943e-001
5.869881e-002 9.411475e-001 -3.254288e-001 -6.994234e-002
1.426035e-002 9.423273e-001 -3.293777e-001 5.767431e-002
-3.042607e-002 9.262907e-001 -3.273077e-001 1.841994e-001
-7.454144e-002 8.933483e-001 -3.192623e-001 3.073174e-001
-1.172774e-001 8.441238e-001 -3.053968e-001 4.247751e-001
-1.578548e-001 7.795396e-001 -2.859729e-001 5.344337e-001
-1.955373e-001 7.007957e-001 -2.613526e-001 6.343069e-001
-2.296447e-001 6.093440e-001 -2.319909e-001 7.225949e-001
-2.595645e-001 5.068580e-001 -1.984257e-001 7.977145e-001
-2.847611e-001 3.952014e-001 -1.612677e-001 8.583238e-001
-3.047839e-001 2.763954e-001 -1.211898e-001 9.033412e-001
-3.192738e-001 1.525844e-001 -7.891548e-002 9.319628e-001
-3.279692e-001 2.599884e-002 -3.520691e-002 9.436741e-001
-3.307127e-001 -1.010800e-001 9.148307e-003 9.382581e-001
-3.274513e-001 -2.263603e-001 5.335028e-002 9.158004e-001
-3.182392e-001 -3.475738e-001 9.659940e-002 8.766897e-001
-3.032344e-001 -4.625207e-001 1.381111e-001 8.216135e-001
-2.827008e-001 -5.691058e-001 1.771295e-001 7.515477e-001
-2.570052e-001 -6.653665e-001 2.129361e-001 6.677529e-001
-2.266086e-001 -7.495356e-001 2.448750e-001 5.717351e-001
-1.920622e-001 -8.200528e-001 2.723548e-001 4.652402e-001
-1.539961e-001 -8.756085e-001 2.948662e-001 3.502128e-001
-1.131079e-001 -9.151696e-001 3.119916e-001 2.287626e-001
-7.014981e-002 -9.380017e-001 3.234147e-001 1.031246e-001
-2.591273e-002 -9.436848e-001 3.289267e-001 -2.438604e-002
1.878871e-002 -9.321230e-001 3.284278e-001 -1.514226e-001
6.313177e-002 -9.035440e-001 3.219308e-001 -2.756503e-001
1.063042e-001 -8.584906e-001 3.095629e-001 -3.947964e-001
1.475179e-001 -7.978089e-001 2.915582e-001 -5.066885e-001
1.860239e-001 -7.226289e-001 2.682534e-001 -6.092968e-001
2.211262e-001 -6.343396e-001 2.400800e-001 -7.007696e-001
2.521935e-001 -5.345598e-001 2.075553e-001 -7.794646e-001
2.786694e-001 -4.251067e-001 1.712722e-001 -8.439748e-001
3.000804e-001 -3.079638e-001 1.318882e-001 -8.931492e-001
3.160435e-001 -1.852456e-001 9.011432e-002 -9.261101e-001
3.262697e-001 -5.916763e-002 4.670583e-002 -9.422663e-001
3.305757e-001 6.800412e-002 2.442305e-003 -9.413231e-001
3.288798e-001 1.939756e-001 -4.187742e-002 -9.232864e-001
3.212095e-001 3.164648e-001 -8.545146e-002 -8.884664e-001
3.076948e-001 4.332541e-001 -1.274909e-001 -8.374729e-001
2.885727e-001 5.422140e-001 -1.672299e-001 -7.712094e-001
2.641830e-001 6.413484e-001 -2.039410e-001 -6.908601e-001
2.349634e-001 7.288322e-001 -2.369492e-001 -5.978720e-001
2.014382e-001 8.030538e-001 -2.656475e-001 -4.939217e-001
1.642292e-001 8.626189e-001 -2.894970e-001 -3.809317e-001
1.240068e-001 9.064365e-001 -3.080624e-001 -2.609460e-001
8.151415e-002 9.336868e-001 -3.209975e-001 -1.361803e-001
3.753241e-002 9.438666e-001 -3.280661e-001 -8.931641e-003
-7.127235e-003 9.367951e-001 -3.291389e-001 1.184554e-001
-5.164274e-002 9.126163e-001 -3.241989e-001 2.436382e-001
-9.519756e-002 8.717919e-001 -3.133446e-001 3.643234e-001
-1.369964e-001 8.150899e-001 -2.967822e-001 4.783103e-001
-1.762783e-001 7.435688e-001 -2.748223e-001 5.835273e-001
-2.123324e-001 6.585523e-001 -2.478726e-001 6.780729e-001
-2.445094e-001 5.616024e-001 -2.164289e-001 7.602476e-001
-2.722324e-001 4.544877e-001 -1.810652e-001 8.285806e-001
-2.950056e-001 3.391518e-001 -1.424236e-001 8.818522e-001
-3.124217e-001 2.176786e-001 -1.012023e-001 9.191119e-001
-3.241668e-001 9.225971e-002 -5.814557e-002 9.396931e-001
-3.300293e-001 -3.484692e-002 -1.402870e-002 9.432229e-001
-3.299009e-001 -1.613534e-001 3.035428e-002 9.296285e-001
-3.237814e-001 -2.849668e-001 7.419877e-002 8.991407e-001
-3.117730e-001 -4.034533e-001 1.167138e-001 8.522916e-001
-2.940852e-001 -5.146547e-001 1.571249e-001 7.899090e-001
-2.710315e-001 -6.165363e-001 1.946936e-001 7.131054e-001
-2.430246e-001 -7.072248e-001 2.287296e-001 6.232615e-001
-2.105700e-001 -7.850453e-001 2.586051e-001 5.220035e-001
-1.742576e-001 -8.485549e-001 2.837671e-001 4.111752e-001
-1.347521e-001 -8.965730e-001 3.037489e-001 2.928059e-001
-9.277619e-002 -9.282081e-001 3.181808e-001 1.690658e-001
-4.910589e-002 -9.428723e-001 3.267968e-001 4.224014e-002
-4.544157e-003 -9.403011e-001 3.294400e-001 -8.533748e-002
4.008827e-002 -9.205538e-001 3.260640e-001 -2.113195e-001
8.397164e-002 -8.840102e-001 3.167370e-001 -3.333953e-001
1.263034e-001 -8.313603e-001 3.016381e-001 -4.493350e-001
1.663114e-001 -7.635910e-001 2.810517e-001 -5.570272e-001
2.032743e-001 -6.819518e-001 2.553589e-001 -6.545328e-001
2.365216e-001 -5.879526e-001 2.250353e-001 -7.400867e-001
2.654580e-001 -4.833088e-001 1.906350e-001 -8.121594e-001
2.895657e-001 -3.699217e-001 1.527832e-001 -8.694636e-001
3.084135e-001 -2.498420e-001 1.121649e-001 -9.109770e-001
3.216629e-001 -1.252367e-001 6.951315e-002 -9.359576e-001
3.290749e-001 1.649603e-003 2.559692e-002 -9.439554e-001
3.305144e-001 1.285321e-001 -1.879311e-002 -9.348190e-001
3.259519e-001 2.531201e-001 -6.285571e-002 -9.086995e-001
3.154640e-001 3.731558e-001 -1.057931e-001 -8.660514e-001
2.992319e-001 4.864598e-001 -1.468261e-001 -8.076256e-001
2.775423e-001 5.909611e-001 -1.852053e-001 -7.344619e-001
2.507826e-001 6.847403e-001 -2.202263e-001 -6.478728e-001
2.194348e-001 7.660672e-001 -2.512439e-001 -5.494232e-001
1.840677e-001 8.334356e-001 -2.776844e-001 -4.409032e-001
1.453271e-001 8.855938e-001 -2.990576e-001 -3.242964e-001
1.039237e-001 9.215722e-001 -3.149673e-001 -2.017430e-001
6.061814e-002 9.407032e-001 -3.251203e-001 -7.549600e-002
1.621099e-002 9.426362e-001 -3.293307e-001 5.210987e-002
-2.848259e-002 9.273464e-001 -3.275234e-001 1.787339e-001
-7.263980e-002 8.951308e-001 -3.197361e-001 3.020481e-001
-1.154523e-001 8.465997e-001 -3.061199e-001 4.197979e-001
