-0.000000 -0.000000 0.000000
-0.036150 0.083182 0.443658
-0.036965 0.082990 0.443943
-0.037709 0.081863 0.444418
-0.038328 0.079774 0.445030
-0.038784 0.076861 0.445725
-0.039042 0.073328 0.446459
-0.039161 0.070404 0.447154
-0.038743 0.065949 0.447772
-0.038498 0.061449 0.448377
-0.037918 0.058098 0.448771
-0.037197 0.055498 0.448983
-0.036388 0.053842 0.448993
-0.035552 0.053270 0.448792
-0.034762 0.053856 0.448389
-0.034103 0.055476 0.447817
-0.033683 0.059619 0.447154
-0.033410 0.060884 0.446437
-0.033360 0.064356 0.445802
-0.033285 0.068257 0.445214
-0.033354 0.072101 0.444646
-0.033606 0.075650 0.444117
-0.034196 0.078870 0.443763
-0.034892 0.081795 0.443634
-0.035714 0.082787 0.443596
-0.036535 0.083221 0.443803
-0.037331 0.082618 0.444171
-0.038063 0.080956 0.444677
-0.038696 0.078301 0.445311
-0.039179 0.074801 0.446063
-0.039410 0.070738 0.446904
-0.039152 0.066595 0.447670
-0.038626 0.062308 0.448231
-0.038088 0.058993 0.448679
-0.037399 0.056143 0.448940
-0.036608 0.054182 0.449004
-0.035772 0.053278 0.448862
-0.034962 0.053549 0.448513
-0.034261 0.054929 0.447984
-0.033742 0.057208 0.447329
-0.033449 0.060160 0.446626
-0.033417 0.064408 0.445952
-0.033291 0.067267 0.445366
-0.033321 0.071126 0.444791
-0.033500 0.074725 0.444244
-0.034024 0.078045 0.443838
-0.034714 0.080702 0.443615
-0.035497 0.082465 0.443581
-0.036318 0.083225 0.443738
-0.037145 0.082648 0.444109
-0.037877 0.081528 0.444529
-0.038540 0.079098 0.445128
-0.039067 0.075768 0.445850
-0.039399 0.071760 0.446676
-0.039247 0.067625 0.447481
-0.038770 0.063491 0.448118
-0.038247 0.059872 0.448580
-0.037595 0.056910 0.448885
-0.036825 0.054667 0.449001
-0.035995 0.053426 0.448914
-0.035170 0.053342 0.448620
-0.034431 0.054426 0.448138
-0.033859 0.056492 0.447512
-0.033503 0.059310 0.446816
-0.033385 0.062628 0.446135
-0.033316 0.065574 0.445494
-0.033301 0.070292 0.444948
-0.033438 0.073859 0.444384
-0.033863 0.077242 0.443925
-0.034520 0.080076 0.443653
-0.035283 0.082069 0.443569
-0.036099 0.083090 0.443679
-0.036915 0.083102 0.443966
-0.037686 0.082055 0.444399
-0.038376 0.079944 0.444962
-0.038945 0.076585 0.445631
-0.039336 0.072898 0.446443
-0.039327 0.068715 0.447274
-0.038927 0.064519 0.447967
-0.038393 0.060694 0.448475
-0.037781 0.057534 0.448834
-0.036952 0.054883 0.449010
-0.036218 0.053700 0.448955
-0.035384 0.053273 0.448713
-0.034614 0.054020 0.448276
-0.033990 0.055807 0.447684
-0.033574 0.058425 0.447000
-0.033393 0.061634 0.446310
-0.033335 0.065283 0.445687
-0.033289 0.069217 0.445099
-0.033387 0.072989 0.444529
-0.033713 0.076440 0.444026
-0.034333 0.079444 0.443705
-0.035073 0.081647 0.443570
-0.035881 0.082905 0.443629
-0.036702 0.083172 0.443875
-0.037487 0.082414 0.444273
-0.038203 0.080597 0.444803
-0.038810 0.077789 0.445458
-0.039354 0.074765 0.446092
-0.039383 0.069693 0.447046
-0.039061 0.065676 0.447798
-0.038528 0.061653 0.448345
-0.037958 0.058273 0.448750
-0.037244 0.055635 0.448974
-0.036439 0.053929 0.448996
-0.035601 0.053355 0.448729
-0.034807 0.053742 0.448406
-0.034138 0.055241 0.447848
-0.033662 0.057621 0.447181
-0.033417 0.060668 0.446486
-0.033369 0.064158 0.445846
-0.033287 0.068100 0.445255
-0.033346 0.071971 0.444683
-0.033577 0.075373 0.444142
-0.034156 0.078780 0.443773
-0.034868 0.081200 0.443586
-0.035663 0.082692 0.443592
-0.036485 0.083192 0.443790
-0.037284 0.082686 0.444152
-0.038021 0.081133 0.444650
-0.038662 0.078578 0.445274
-0.039156 0.075149 0.446015
-0.039417 0.071119 0.446853
-0.039174 0.066547 0.447621
-0.038662 0.062813 0.448199
-0.038125 0.059162 0.448655
-0.037445 0.056272 0.448928
-0.036658 0.054265 0.449005
-0.035824 0.053306 0.448875
-0.035010 0.053512 0.448538
-0.034300 0.054827 0.448018
-0.033799 0.057145 0.447318
-0.033459 0.059797 0.446663
-0.033387 0.063139 0.446001
-0.033295 0.066987 0.445409
-0.033316 0.070903 0.444834
-0.033486 0.074569 0.444284
-0.034187 0.077585 0.443664
-0.034669 0.080515 0.443608
-0.035447 0.082423 0.443572
-0.036267 0.083180 0.443719
-0.037077 0.082923 0.444039
-0.037833 0.081615 0.444502
-0.038503 0.079286 0.445094
-0.039042 0.076054 0.445807
-0.039389 0.072113 0.446624
-0.039271 0.067991 0.447433
-0.038811 0.063642 0.448087
-0.038283 0.060141 0.448551
-0.037639 0.057042 0.448869
-0.036875 0.054749 0.448998
-0.036046 0.053456 0.448924
-0.035219 0.053314 0.448643
-0.034473 0.054343 0.448171
-0.033888 0.056359 0.447552
-0.033519 0.059134 0.446857
-0.033417 0.062161 0.446126
-0.033312 0.065947 0.445560
-0.033296 0.069848 0.444981
-0.033425 0.073582 0.444425
-0.033827 0.077030 0.443957
-0.034476 0.079955 0.443673
-0.035235 0.082031 0.443575
-0.036067 0.081599 0.443653
-0.036866 0.083126 0.443939
-0.037640 0.082083 0.444363
-0.038337 0.079987 0.444920
-0.038916 0.076945 0.445603
-0.039321 0.073144 0.446397
-0.039343 0.069018 0.447231
-0.038960 0.064862 0.447932
-0.038513 0.061100 0.448513
-0.037824 0.057878 0.448801
-0.037086 0.055338 0.448981
-0.036269 0.053745 0.448959
-0.035434 0.053250 0.448732
-0.034658 0.053940 0.448307
-0.034023 0.055685 0.447723
-0.033593 0.058272 0.447044
-0.033397 0.061458 0.446351
-0.033343 0.065073 0.445724
-0.033288 0.069017 0.445133
-0.033376 0.072652 0.444567
-0.033679 0.076134 0.444058
-0.034291 0.079223 0.443729
-0.035025 0.081530 0.443582
-0.035830 0.082889 0.443627
-0.036652 0.083234 0.443859
-0.037441 0.082530 0.444244
-0.038167 0.079788 0.444725
-0.038775 0.077869 0.445407
-0.039232 0.074212 0.446172
-0.039392 0.070068 0.447014
-0.039089 0.065890 0.447762
-0.038557 0.061891 0.448319
-0.037998 0.058526 0.448732
-0.037265 0.055288 0.448912
-0.036492 0.054105 0.448986
-0.035654 0.053306 0.448811
-0.034853 0.053667 0.448433
-0.034174 0.055115 0.447885
-0.033685 0.057460 0.447224
-0.033426 0.060485 0.446528
-0.033380 0.063926 0.445886
-0.033288 0.067883 0.445292
-0.033339 0.071822 0.444712
-0.033554 0.075189 0.444163
-0.034115 0.078498 0.443797
-0.034821 0.081004 0.443600
-0.035613 0.082604 0.443595
-0.036435 0.083213 0.443782
-0.037237 0.082802 0.444131
-0.037979 0.081320 0.444617
-0.038626 0.078807 0.445230
-0.039160 0.075133 0.445997
-0.039420 0.071293 0.446800
-0.039199 0.067029 0.447574
-0.038694 0.062984 0.448165
-0.038162 0.059299 0.448635
-0.037490 0.056415 0.448920
-0.036709 0.054401 0.449008
-0.035876 0.053402 0.448888
-0.035097 0.055210 0.448607
-0.034338 0.054670 0.448043
-0.033791 0.056765 0.447404
-0.033468 0.059595 0.446709
-0.033380 0.062928 0.446044
-0.033292 0.066757 0.445448
-0.033303 0.070681 0.444870
-0.033439 0.073222 0.444403
-0.033949 0.077771 0.443878
-0.034624 0.080465 0.443631
-0.035397 0.082287 0.443575
-0.036217 0.083133 0.443713
-0.037028 0.082985 0.444024
-0.037789 0.081791 0.444477
-0.038466 0.079560 0.445059
-0.039014 0.076394 0.445760
-0.039375 0.072480 0.446567
-0.039288 0.067953 0.447367
-0.038847 0.064011 0.448039
-0.038316 0.060231 0.448524
-0.037682 0.057108 0.448857
-0.036924 0.054807 0.449000
-0.036098 0.053504 0.448938
-0.035269 0.053331 0.448666
-0.034515 0.054301 0.448201
-0.033995 0.056200 0.447710
-0.033369 0.058416 0.446930
-0.033385 0.062028 0.446206
-0.033319 0.065693 0.445598
-0.033293 0.069608 0.445019
-0.033413 0.073374 0.444463
-0.033792 0.076848 0.443984
-0.034433 0.079807 0.443673
-0.035186 0.081937 0.443570
-0.035998 0.083024 0.443655
-0.036816 0.083112 0.443924
-0.037594 0.082171 0.444342
-0.038296 0.080191 0.444891
-0.038884 0.077255 0.445564
-0.039301 0.073526 0.446347
-0.039357 0.069406 0.447180
-0.038990 0.064886 0.447887
-0.038458 0.061255 0.448405
-0.037865 0.057935 0.448782
-0.037134 0.055364 0.448975
-0.036320 0.053743 0.448969
-0.035485 0.053230 0.448755
-0.034703 0.053902 0.448341
-0.034058 0.055621 0.447763
-0.033614 0.058165 0.447084
-0.033403 0.061300 0.446388
-0.033351 0.064853 0.445756
-0.033286 0.068612 0.445168
-0.033366 0.072409 0.444604
-0.033647 0.075915 0.444087
-0.034250 0.079057 0.443749
-0.034978 0.081427 0.443590
-0.035787 0.082457 0.443665
-0.036603 0.083207 0.443832
-0.037397 0.082519 0.444210
-0.038125 0.080773 0.444725
-0.038751 0.078045 0.445367
-0.039223 0.074485 0.446127
-0.039402 0.070416 0.446967
-0.039118 0.066268 0.447720
-0.038587 0.062265 0.448279
-0.038036 0.058843 0.448698
-0.037339 0.056044 0.448939
-0.036541 0.054126 0.448985
-0.035704 0.053263 0.448826
-0.034900 0.053587 0.448465
-0.034211 0.055029 0.447928
-0.033709 0.057379 0.447271
-0.033436 0.060401 0.446573
-0.033392 0.063753 0.445931
-0.033292 0.067759 0.445316
-0.033338 0.071523 0.444749
-0.033531 0.074926 0.444192
-0.034075 0.078304 0.443819
-0.034775 0.080871 0.443612
-0.035563 0.082540 0.443595
-0.036385 0.083215 0.443769
-0.037189 0.082868 0.444108
-0.037870 0.080080 0.444518
-0.038589 0.078859 0.445185
-0.039104 0.075471 0.445914
-0.039418 0.071564 0.446762
-0.039222 0.067302 0.447536
-0.038725 0.063181 0.448153
-0.038200 0.059610 0.448611
-0.037537 0.056760 0.448896
-0.036760 0.054583 0.448993
-0.035927 0.053424 0.448886
-0.035105 0.053405 0.448574
-0.034378 0.054527 0.448079
-0.033820 0.056618 0.447448
-0.033484 0.059463 0.446755
-0.033384 0.062812 0.446084
-0.033303 0.066625 0.445484
-0.033299 0.070545 0.444915
-0.033392 0.073938 0.444366
-0.033911 0.077553 0.443903
-0.034579 0.080302 0.443646
-0.035348 0.082194 0.443578
-0.036166 0.083114 0.443704
-0.036980 0.083036 0.444005
-0.037745 0.081910 0.444448
-0.038428 0.079737 0.445020
-0.039008 0.076746 0.445760
-0.039357 0.072555 0.446510
-0.039306 0.068372 0.447334
-0.038882 0.064188 0.448009
-0.038350 0.060423 0.448503
-0.037725 0.057321 0.448845
-0.036974 0.055010 0.448997
-0.036159 0.054128 0.448954
-0.035319 0.053334 0.448674
-0.034559 0.054152 0.448220
-0.033951 0.055971 0.447617
-0.033554 0.058600 0.446933
-0.033393 0.061812 0.446251
-0.033325 0.065500 0.445641
-0.033291 0.069446 0.445059
-0.033402 0.073234 0.444498
-0.033757 0.076649 0.443998
-0.034390 0.079710 0.443696
-0.035137 0.081824 0.443574
-0.035947 0.082977 0.443649
-0.036767 0.083136 0.443907
-0.037548 0.082273 0.444316
-0.038256 0.080366 0.444857
-0.038852 0.077490 0.445520
-0.039282 0.073803 0.446295
-0.039367 0.069271 0.447121
-0.039022 0.065326 0.447844
-0.038488 0.061349 0.448377
-0.037905 0.058026 0.448767
-0.037182 0.055463 0.448974
