8.016178438491e-001 4.741884778410e-001 3.640798262821e-001
8.731432514662e-001 4.673597344537e-001 1.385486955206e-001
8.784964435090e-001 4.674698910882e-001 -9.856926330245e-002
8.203188033054e-001 4.680713096560e-001 -3.286127052023e-001
7.027624392988e-001 4.691213504177e-001 -5.348365287573e-001
5.343291550799e-001 4.705440051809e-001 -7.021970472880e-001
3.272602854475e-001 4.722352857110e-001 -8.184708550084e-001
9.665515630132e-002 4.740724389725e-001 -8.751646150108e-001
-1.407098441592e-001 4.759149281565e-001 -8.681622664655e-001
-3.675188998121e-001 4.776387769435e-001 -7.979918903352e-001
-5.672599872991e-001 4.791099847443e-001 -6.698281341716e-001
-7.254522829892e-001 4.802246010694e-001 -4.930550858003e-001
-8.306685393084e-001 4.809026772144e-001 -2.805751108908e-001
-8.753611600176e-001 4.810962552115e-001 -4.784592724668e-002
-8.563868290390e-001 4.807925304691e-001 1.882555223457e-001
-7.752061535226e-001 4.800144027400e-001 4.106599477705e-001
-6.377703242853e-001 4.788183768197e-001 6.033091873001e-001
-4.539881900977e-001 4.772910794307e-001 7.523881636148e-001
-2.371876679252e-001 4.755426045969e-001 8.471134761043e-001
-2.987410262218e-003 4.737011669772e-001 8.806805776128e-001
2.317321604317e-001 4.718966305487e-001 8.506549099949e-001
4.500345783290e-001 4.702584988506e-001 7.591612625570e-001
6.361346139924e-001 4.689025909074e-001 6.127504493031e-001
7.765335624432e-001 4.679297294916e-001 4.219447767863e-001
8.610070551721e-001 4.674128877880e-001 2.004795333035e-001
8.833340429222e-001 4.673894511480e-001 -3.560996447982e-002
8.418041042183e-001 4.678632364037e-001 -2.692022327972e-001
7.393525108777e-001 4.688009699046e-001 -4.833047850739e-001
5.833716947173e-001 4.701348906209e-001 -6.623070665662e-001
3.851855097841e-001 4.717677373173e-001 -7.931376457330e-001
1.592249665831e-001 4.735793327106e-001 -8.662390118472e-001
-7.803519862045e-002 4.754339032034e-001 -8.762836934812e-001
-3.093070378423e-001 4.771982904873e-001 -8.225636436758e-001
-5.177434188796e-001 4.787471465556e-001 -7.090436671120e-001
-6.882215041898e-001 4.799653605500e-001 -5.440444961975e-001
-8.084072317306e-001 4.807653404702e-001 -3.396210168529e-001
-8.696591347749e-001 4.810902538761e-001 -1.106578371738e-001
-8.676317394393e-001 4.809177728849e-001 1.262270194571e-001
-8.025632369297e-001 4.802614052311e-001 3.538943816655e-001
-6.792307457426e-001 4.791691071810e-001 5.559159655571e-001
-5.065873885756e-001 4.777197997112e-001 7.177416044093e-001
-2.971232017573e-001 4.760173175703e-001 8.277229707762e-001
-6.591167998719e-002 4.741885421170e-001 8.779526621443e-001
1.703417958496e-001 4.723612517987e-001 8.647881361270e-001
3.946108033008e-001 4.706670952737e-001 7.891481479069e-001
5.906884060460e-001 4.692253709168e-001 6.564409784976e-001
7.443687853577e-001 4.681429035804e-001 4.761904379683e-001
8.444677531850e-001 4.674994829897e-001 2.613779777163e-001
8.836474218265e-001 4.673430857433e-001 2.752588068293e-002
8.589711724063e-001 4.676860715531e-001 -2.084184815466e-001
7.721464786153e-001 4.685065803626e-001 -4.292917419646e-001
6.294186570032e-001 4.697437026604e-001 -6.190096994613e-001
4.411378009873e-001 4.713080545425e-001 -7.637186381537e-001
2.210051781387e-001 4.730851578402e-001 -8.528464953713e-001
-1.493070874999e-002 4.749412614633e-001 -8.798908296464e-001
-2.494729459615e-001 4.767424152162e-001 -8.428997086054e-001
-4.655376417426e-001 4.783603934016e-001 -7.446113336133e-001
-6.474264946563e-001 4.796759804482e-001 -5.922414100670e-001
-7.819696981065e-001 4.805938045717e-001 -3.969294474469e-001
-8.594734851549e-001 4.810484226447e-001 -1.729096393692e-001
-8.744102256861e-001 4.810081196799e-001 6.354483470329e-002
-8.257922687496e-001 4.804769199121e-001 2.953117984523e-001
-7.172148501529e-001 4.794938489018e-001 5.056565114636e-001
-5.565750602485e-001 4.781300645638e-001 6.794231698062e-001
-3.554928045182e-001 4.764836820949e-001 8.041070616734e-001
-1.284674702191e-001 4.746752117950e-001 8.707350644156e-001
1.080997101752e-001 4.728347331681e-001 8.744951502266e-001
3.371882925238e-001 4.710927679252e-001 8.150924238352e-001
5.422372969851e-001 4.695731080277e-001 6.967638121886e-001
7.084039646174e-001 4.683862423491e-001 5.279944610433e-001
8.236120717898e-001 4.676201854214e-001 3.209275890112e-001
8.794364450775e-001 4.673317174028e-001 9.051300999672e-002
8.717358508772e-001 4.675433171294e-001 -1.465600658533e-001
8.009798875025e-001 4.682410963328e-001 -3.730703626952e-001
6.722393972182e-001 4.693750993299e-001 -5.725217978006e-001
4.948321245382e-001 4.708630965023e-001 -7.303623161673e-001
2.816677840692e-001 4.725958137820e-001 -8.350547624038e-001
4.827367488403e-002 4.744443199972e-001 -8.789608862376e-001
-1.883323591660e-001 4.762731344259e-001 -8.588916252445e-001
-4.109114778206e-001 4.779516763236e-001 -7.763465414972e-001
-6.032785536805e-001 4.793580578588e-001 -6.373937864735e-001
-7.514929690979e-001 4.803886071099e-001 -4.522002914146e-001
-8.448544827431e-001 4.809710436478e-001 -2.342813653736e-001
-8.766857916068e-001 4.810631378306e-001 5.293536724637e-004
-8.447733836613e-001 4.806598079147e-001 2.352107125811e-001
-7.515103459574e-001 4.797909915920e-001 4.528054817536e-001
-6.036968111747e-001 4.785197104478e-001 6.376276710514e-001
-4.120364970249e-001 4.769375141288e-001 7.763739644888e-001
-1.903664156725e-001 4.751595086215e-001 8.590599915900e-001
4.532982749752e-002 4.733146941351e-001 8.797263250891e-001
2.780620434435e-001 4.715337885635e-001 8.368616290875e-001
4.910305292687e-001 4.699439535308e-001 7.335132581392e-001
6.688279192371e-001 4.686588584822e-001 5.770858591363e-001
7.985485570618e-001 4.677742169725e-001 3.788238165035e-001
8.707245096872e-001 4.673552896238e-001 1.530289563797e-001
8.800321925528e-001 4.674339374878e-001 -8.395745443601e-002
8.257043480121e-001 4.680060437369e-001 -3.149328066424e-001
7.116110392937e-001 4.690310121842e-001 -5.230866451792e-001
5.459986286970e-001 4.704345638594e-001 -6.932364809987e-001
3.409071403143e-001 4.721163319684e-001 -8.129504848214e-001
1.112490042810e-001 4.739455221487e-001 -8.734983120085e-001
-1.261960815997e-001 4.757924634863e-001 -8.704573973943e-001
-3.541433254362e-001 4.775229265615e-001 -8.040860399591e-001
-5.560014305802e-001 4.790128029934e-001 -6.792710385120e-001
-7.171264325835e-001 4.801519586884e-001 -5.051571797547e-001
-8.258760091489e-001 4.808586237629e-001 -2.944550924422e-001
-8.744453659098e-001 4.810815544192e-001 -6.249672020619e-002
-8.594079606150e-001 4.808092161608e-001 1.738978288722e-001
-7.819415505957e-001 4.800590684739e-001 3.976313647438e-001
-6.477127438342e-001 4.788867491214e-001 5.925670282683e-001
-4.664543037893e-001 4.773767892353e-001 7.446689086943e-001
-2.512592977550e-001 4.756381442782e-001 8.429929542999e-001
-1.764989425768e-002 4.737986444137e-001 8.804563167951e-001
2.175370370065e-001 4.719878609006e-001 8.543448347669e-001
4.373346286326e-001 4.703358938934e-001 7.665002084242e-001
6.258450108286e-001 4.689592692703e-001 6.232136280493e-001
7.694073981095e-001 4.679606868086e-001 4.347701132048e-001
8.575580037164e-001 4.674135935594e-001 2.147528877986e-001
8.838198545526e-001 4.673590381190e-001 -2.092831066133e-002
8.461943127747e-001 4.678026040235e-001 -2.551781900879e-001
7.473321650149e-001 4.687132585596e-001 -4.709591451332e-001
5.943629685787e-001 4.700252348242e-001 -6.525403743914e-001
3.983892024181e-001 4.716428755104e-001 -7.866632325061e-001
1.736790792645e-001 4.734473222366e-001 -8.635295075982e-001
-6.339079342228e-002 4.753029482917e-001 -8.775355916739e-001
-2.955241393198e-001 4.770765752204e-001 -8.276855830901e-001
-5.058367616612e-001 4.786421742401e-001 -7.176564913598e-001
-6.790500616126e-001 4.798835370645e-001 -5.555203008697e-001
-8.026334598117e-001 4.807112348821e-001 -3.531235447386e-001
-8.676973070811e-001 4.810664011985e-001 -1.252058342177e-001
-8.696191203629e-001 4.809245114524e-001 1.116879572000e-001
-8.083516332521e-001 4.802968847264e-001 3.404152457525e-001
-6.883998991776e-001 4.792285379042e-001 5.444681691986e-001
-5.184688627032e-001 4.777992674471e-001 7.091529443176e-001
-3.108490696211e-001 4.761092814091e-001 8.226134013447e-001
-8.051838946645e-002 4.742840945429e-001 8.766820327926e-001
1.559215290461e-001 4.724527051185e-001 8.674542744180e-001
3.814182538855e-001 4.707464904509e-001 7.955613473083e-001
5.796808318544e-001 4.692854936379e-001 6.661390685447e-001
7.363413299562e-001 4.681786846563e-001 4.884773945966e-001
8.400063654043e-001 4.675061880267e-001 2.753675184858e-001
8.830809504388e-001 4.673188673743e-001 4.220321276925e-002
8.623457961362e-001 4.676317431070e-001 -1.941140920307e-001
7.792200172388e-001 4.684234539527e-001 -4.164080120763e-001
6.396804013310e-001 4.696370765361e-001 -6.084817174703e-001
4.538424658443e-001 4.711843034791e-001 -7.563149928114e-001
2.352275975093e-001 4.729519075134e-001 -8.491080440965e-001
-2.274406690096e-004 4.748070617871e-001 -8.800898831073e-001
-2.353629857946e-001 4.766154290934e-001 -8.470194789188e-001
-4.530425828688e-001 4.782480706734e-001 -7.523504509235e-001
-6.374562161747e-001 4.795852881825e-001 -6.030319426193e-001
-7.752439834486e-001 4.805298123796e-001 -4.099852016124e-001
-8.564759513361e-001 4.810142314345e-001 -1.872812161977e-001
-8.753532654562e-001 4.810046573350e-001 4.889969608558e-002
-8.306031016628e-001 4.805028993810e-001 2.814523959651e-001
-7.255421643556e-001 4.795458867002e-001 4.935831341234e-001
-5.678152365225e-001 4.782029226345e-001 6.700058372557e-001
-3.688305273766e-001 4.765698716242e-001 7.980258138276e-001
-1.429555505569e-001 4.747685466996e-001 8.684230176762e-001
9.352977902137e-002 4.729258979366e-001 8.761240069174e-001
3.235738572404e-001 4.711738951886e-001 8.205456229872e-001
5.305643691599e-001 4.696370378247e-001 7.056504112386e-001
6.995188083945e-001 4.684266143818e-001 5.396757764075e-001
8.181618293898e-001 4.676325004838e-001 3.345610040349e-001
8.778235762728e-001 4.673136655206e-001 1.050890429939e-001
8.740769438319e-001 4.674942398211e-001 -1.320554125944e-001
8.071114106720e-001 4.681630089019e-001 -3.597145644243e-001
6.817183685855e-001 4.692720562377e-001 -5.612876296228e-001
5.069742555259e-001 4.707408615499e-001 -7.220665796872e-001
2.955841359142e-001 4.724620735232e-001 -8.303069358244e-001
6.295282459035e-002 4.743073530469e-001 -8.781056182042e-001
-1.739599616186e-001 4.761411830615e-001 -8.619904323984e-001
-3.978908924238e-001 4.778341405482e-001 -7.831713553576e-001
-5.925581881643e-001 4.792587289120e-001 -6.474456459048e-001
-7.438467481234e-001 4.803153155193e-001 -4.647463964183e-001
-8.408362380328e-001 4.809265403516e-001 -2.484030668013e-001
-8.765793675467e-001 4.810493502118e-001 -1.414690963529e-002
-8.485817476985e-001 4.806760349263e-001 2.210420026162e-001
-7.589543423377e-001 4.798343816602e-001 4.401673232120e-001
-6.142362500692e-001 4.785854716853e-001 6.274310921469e-001
-4.249094616546e-001 4.770192683240e-001 7.693533434281e-001
-2.046436453303e-001 4.752494960924e-001 8.557212717292e-001
3.067759727407e-002 4.734049619928e-001 8.803105287261e-001
2.640944736098e-001 4.716161535331e-001 8.413277082894e-001
4.787544637193e-001 4.700109749356e-001 7.415415341765e-001
6.591321694703e-001 4.687037843251e-001 5.880999453568e-001
7.921381881494e-001 4.677920589204e-001 3.920302035384e-001
8.680687096086e-001 4.673430059477e-001 1.674730730303e-001
8.813287281017e-001 4.673906357730e-001 -6.932291550649e-002
8.308635683520e-001 4.679330644173e-001 -3.011716753124e-001
7.202523060961e-001 4.689324744368e-001 -5.112132138177e-001
5.575110339754e-001 4.703147148111e-001 -6.840946689077e-001
3.544369894827e-001 4.719805941496e-001 -8.072228559900e-001
1.258305689279e-001 4.738063931006e-001 -8.715928922268e-001
-1.116399466166e-001 4.756561845008e-001 -8.725180321722e-001
-3.406693439918e-001 4.773974125138e-001 -8.099605598974e-001
-5.445889260210e-001 4.789055501165e-001 -6.885291393419e-001
-7.086085493660e-001 4.800680619510e-001 -5.171156347086e-001
-8.208567911389e-001 4.808038047507e-001 -3.082561106910e-001
-8.732891749922e-001 4.810584256840e-001 -7.712851560811e-002
-8.621941528307e-001 4.808154603384e-001 1.594921186895e-001
-7.884639384914e-001 4.800934405513e-001 3.844930507021e-001
-6.574972490744e-001 4.789449429939e-001 5.816434552543e-001
-4.787931130259e-001 4.774528033956e-001 7.367468869623e-001
-2.652611732714e-001 4.757244778815e-001 8.386433873221e-001
-3.230566668523e-002 4.738874447595e-001 8.799926326960e-001
2.032839753258e-001 4.720709316203e-001 8.578022271450e-001
4.245154383150e-001 4.704055330428e-001 7.736312281151e-001
6.153881785253e-001 4.690084485548e-001 6.335049052025e-001
7.620701341626e-001 4.679839070312e-001 4.474820369325e-001
8.538760315020e-001 4.674072526156e-001 2.289676462489e-001
8.840653356858e-001 4.673216677138e-001 -6.240282363177e-003
8.503543983224e-001 4.677349726739e-001 -2.410837874921e-001
7.551083936003e-001 4.686183477175e-001 -4.584846323453e-001
6.051919412698e-001 4.699080197820e-001 -6.425956482631e-001
4.114800835086e-001 4.715101468252e-001 -7.799758472649e-001
1.880835388659e-001 4.733067032160e-001 -8.605843056310e-001
-4.871988770876e-002 4.751628948581e-001 -8.785480043183e-001
-2.816641920694e-001 4.769452687276e-001 -8.325794217636e-001
-4.937911591340e-001 4.785272390878e-001 -7.260729802245e-001
-6.696919588599e-001 4.797914337049e-001 -5.668446527769e-001
-7.966392979146e-001 4.806466137270e-001 -3.665305740738e-001
-8.654977729607e-001 4.810318945863e-001 -1.397208695609e-001
-8.713712374824e-001 4.809212826886e-001 9.709215388252e-002
-8.139188400244e-001 4.803218077938e-001 3.268441261689e-001
-6.973770741975e-001 4.792795691275e-001 5.328755117293e-001
-5.302103772697e-001 4.778690823557e-001 7.003699707755e-001
-3.245048126142e-001 4.761916947182e-001 8.172747986275e-001
-9.510301056216e-002 4.743709465957e-001 8.751729100057e-001
1.414597895585e-001 4.725359860341e-001 8.698844002744e-001
3.681402515691e-001 4.708178526852e-001 8.017501510867e-001
5.685121408924e-001 4.693389588463e-001 6.756588542801e-001
7.281132923956e-001 4.682069577308e-001 5.006328776352e-001
8.353173827147e-001 4.675057879150e-001 2.892805012453e-001
8.822744825851e-001 4.672875615142e-001 5.686890392168e-002
8.654854185465e-001 4.675696931760e-001 -1.797597627579e-001
7.860821079856e-001 4.683330935448e-001 -4.034092624068e-001
6.497689838533e-001 4.695229201598e-001 -5.977863289394e-001
4.664245721601e-001 4.710526024731e-001 -7.487039229152e-001
2.493868048619e-001 4.728101948979e-001 -8.451371138232e-001
1.447058978318e-002 4.746638572124e-001 -8.800481945255e-001
-2.211844824647e-001 4.764788566137e-001 -8.509085285252e-001
-4.404249141213e-001 4.781258539456e-001 -7.598825980440e-001
-6.273114214564e-001 4.794843875900e-001 -6.136571539286e-001
-7.683057859176e-001 4.804553817911e-001 -4.229288893342e-001
-8.532437732376e-001 4.809694628259e-001 -2.016021806933e-001
-8.760568817315e-001 4.809905775162e-001 3.424039006176e-002
-8.351871025976e-001 4.805183450317e-001 2.675156513974e-001
-7.336699693510e-001 4.795885549139e-001 4.813763538730e-001
-5.788935687356e-001 4.782680763153e-001 6.604103900260e-001
-3.820709752969e-001 4.766481265486e-001 7.917249101130e-001
-1.573945013423e-001 4.748526551126e-001 8.658763923793e-001
7.893231402776e-002 4.730086088709e-001 8.775149831976e-001
3.098713426279e-001 4.712470844590e-001 8.257759601774e-001
5.187475980871e-001 4.696934727698e-001 7.143451344527e-001
6.904441497266e-001 4.684600225948e-001 5.512096546131e-001
8.124896956502e-001 4.676379736848e-001 3.481023125896e-001
8.759669784048e-001 4.672883854447e-001 1.196804811692e-001
8.761802515770e-001 4.674380338331e-001 -1.175153235654e-001
8.130237622251e-001 4.680775831032e-001 -3.462596399432e-001
6.910135365229e-001 4.691614122475e-001 -5.498980465505e-001
5.189778950878e-001 4.706108560206e-001 -7.135736588508e-001
3.094225748936e-001 4.723199713345e-001 -8.253311546433e-001
7.761705114851e-002 4.741615659244e-001 -8.770099217062e-001
-1.595437487023e-001 4.759998773613e-001 -8.648525359864e-001
-3.847650664491e-001 4.777034468486e-001 -7.897817803098e-001
-5.816779635700e-001 4.791493649188e-001 -6.573177563363e-001
-7.359996410108e-001 4.802312200910e-001 -4.771608781972e-001
-8.365878210824e-001 4.808715021379e-001 -2.624565031547e-001
-8.762330648250e-001 4.810249997235e-001 -2.881953761729e-002
-8.521582633983e-001 4.806817661715e-001 2.068123153785e-001
-7.661913603787e-001 4.798674542516e-001 4.274084997179e-001
-6.246082707597e-001 4.786412193336e-001 6.170632797805e-001
-4.376662860352e-001 4.770914272923e-001 7.621233443954e-001
-2.188642313590e-001 4.753303866379e-001 8.521499115591e-001
1.602111745486e-002 4.734866618467e-001 8.806552701533e-001
2.500546318748e-001 4.716904344992e-001 8.455653819072e-001
4.663479576250e-001 4.700703676167e-001 7.493686889026e-001
6.492572750074e-001 4.687414712901e-001 5.989544422932e-001
7.855127105003e-001 4.678029295805e-001 4.051298566119e-001
8.651786366674e-001 4.673231884588e-001 1.818652363237e-001
8.823853392821e-001 4.673405742302e-001 -5.467083955987e-002
8.357959701640e-001 4.678531124356e-001 -2.873300566281e-001
7.287142372095e-001 4.688254297708e-001 -4.991776005476e-001
5.688731736901e-001 4.701871615379e-001 -6.747646592559e-001
3.678816038083e-001 4.718389333366e-001 -8.012684609837e-001
1.403782385699e-001 4.736586160429e-001 -8.694489436329e-001
-9.704970377819e-002 4.755106928516e-001 -8.743402861474e-001
-3.270992706044e-001 4.772621508585e-001 -8.156144349679e-001
-5.330258296591e-001 4.787880335262e-001 -6.975998020845e-001
-6.998853688330e-001 4.799752685488e-001 -5.289463224893e-001
-8.156133520362e-001 4.807385078854e-001 -3.219710344371e-001
-8.718945498728e-001 4.810236348902e-001 -9.173961292267e-002
-8.647445665738e-001 4.808111938622e-001 1.450428572454e-001
-7.947710898088e-001 4.801175017467e-001 3.712493761890e-001
-6.671028201623e-001 4.789931070874e-001 5.705606284123e-001
-4.910021115202e-001 4.775191530482e-001 7.286236236596e-001
-2.791908797797e-001 4.758016348716e-001 8.340654991674e-001
-4.695327749413e-002 4.739675149535e-001 8.792895908069e-001
1.889788649619e-001 4.721456637764e-001 8.610258188782e-001
4.115827923859e-001 4.704673498962e-001 7.805511371419e-001
6.047637765306e-001 4.690502626886e-001 6.436245999558e-001
7.545256296267e-001 4.680000813686e-001 4.600728182315e-001
8.499619596767e-001 4.673940513444e-001 2.431202744946e-001
8.840703521089e-001 4.672774596048e-001 8.449157785761e-003
8.542828456251e-001 4.676603605519e-001 -2.269242314940e-001
7.626674628971e-001 4.685166192366e-001 -4.459041584660e-001
6.158544063467e-001 4.697831892485e-001 -6.324769602783e-001
4.244637309965e-001 4.713689737511e-001 -7.730729795131e-001
2.024392040016e-001 4.731574177984e-001 -8.574033045572e-001
-3.403762859307e-002 4.750137923402e-001 -8.793198149287e-001
-2.677254764862e-001 4.768045158395e-001 -8.372457959974e-001
-4.816072783440e-001 4.784022873630e-001 -7.342926398187e-001
-6.601479341179e-001 4.796888210570e-001 -5.780167298901e-001
-7.904265102382e-001 4.805712001889e-001 -3.798384570599e-001
-8.630615604602e-001 4.809865372561e-001 -1.541969319878e-001
-8.728799881194e-001 4.809059760796e-001 8.252253335671e-002
-8.192636356872e-001 4.803364275452e-001 3.131836707328e-001
-7.061662512001e-001 4.793196135212e-001 5.211352355769e-001
-5.418077314798e-001 4.779290289488e-001 6.913958528924e-001
-3.380728509011e-001 4.762646251385e-001 8.117134681187e-001
-1.096624279833e-001 4.744487583280e-001 8.734257424703e-001
1.269592325586e-001 4.726107861465e-001 8.720782064047e-001
3.547328573051e-001 4.708825985640e-001 8.077339774442e-001
5.571927356602e-001 4.693845130368e-001 6.849922877294e-001
7.196886943267e-001 4.682281786120e-001 5.126505203470e-001
8.304013422088e-001 4.674984202004e-001 3.031152222635e-001
8.812280965270e-001 4.672494001390e-001 7.151950755690e-002
8.683894863485e-001 4.675007452077e-001 -1.653564429637e-001
7.927298246237e-001 4.682356237855e-001 -3.903009425690e-001
6.596797984986e-001 4.694012968292e-001 -5.869284334464e-001
4.788806414153e-001 4.709128595979e-001 -7.408875825272e-001
2.634745733412e-001 4.726600480153e-001 -8.409361617940e-001
2.917311859485e-002 4.745117041738e-001 -8.797656345605e-001
-2.069470073717e-001 4.763329352198e-001 -8.545641409308e-001
-4.276842927446e-001 4.779938221983e-001 -7.672079585613e-001
-6.169925412971e-001 4.793732611626e-001 -6.241165599999e-001
-7.611557536042e-001 4.803703953266e-001 -4.357593396004e-001
-8.497757142755e-001 4.809141171342e-001 -2.158769264388e-001
-8.765209738930e-001 4.809656229533e-001 1.957171077691e-002
-8.395424513028e-001 4.805231191576e-001 2.535074050509e-001
-7.415988579730e-001 4.796190352151e-001 4.690380740542e-001
-5.898246876783e-001 4.783188666383e-001 6.506288493627e-001
-3.952058673571e-001 4.767161497494e-001 7.852095484485e-001
-1.717907346450e-001 4.749278158877e-001 8.630941508238e-001
6.431304832745e-002 4.730828471379e-001 8.786674294400e-001
2.960844223472e-001 4.713122922540e-001 8.307820039057e-001
5.067906388905e-001 4.697424542245e-001 7.228452635468e-001
6.811820081255e-001 4.684859315903e-001 5.625939954426e-001
8.065971650907e-001 4.676363108216e-001 3.615484671088e-001
8.738749066488e-001 4.672562912120e-001 1.342170102943e-001
8.780452918677e-001 4.673749144128e-001 -1.029424830017e-001
8.187149248510e-001 4.679851149215e-001 -3.327097895134e-001
7.001204046506e-001 4.690434417529e-001 -5.383583088803e-001
5.308396352479e-001 4.704731090181e-001 -7.048860442232e-001
3.231759238881e-001 4.721696339173e-001 -8.201299647162e-001
9.225317834246e-002 4.740070052926e-001 -8.756750025091e-001
-1.450763985370e-001 4.758492821149e-001 -8.674792788870e-001
-3.715330100653e-001 4.775647361163e-001 -7.961753231858e-001
-5.706372370939e-001 4.790299106132e-001 -6.670108607660e-001
-7.279498615725e-001 4.801367482012e-001 -4.894463219429e-001
