1.155187730721e-001 9.113542438473e-001 3.950808212118e-001
1.154693472702e-001 9.113616983692e-001 3.950780740392e-001
1.154231072349e-001 9.113689027291e-001 3.950749668792e-001
1.153800715892e-001 9.113756903166e-001 3.950718797638e-001
1.153400259815e-001 9.113819244538e-001 3.950691916429e-001
1.153025382425e-001 9.113875084238e-001 3.950672527101e-001
1.152669895565e-001 9.113923926102e-001 3.950663587434e-001
1.152326196077e-001 9.113965781741e-001 3.950667293900e-001
1.151985821372e-001 9.114001169965e-001 3.950684920521e-001
1.151640069333e-001 9.114031078647e-001 3.950716725881e-001
1.151280635070e-001 9.114056891989e-001 3.950761935234e-001
1.150900216103e-001 9.114080288859e-001 3.950818798781e-001
1.150493042421e-001 9.114103119823e-001 3.950884721245e-001
1.150055292220e-001 9.114127272225e-001 3.950956452622e-001
1.149585363314e-001 9.114154533401e-001 3.951030325590e-001
1.149083983393e-001 9.114186461832e-001 3.951102521838e-001
1.148554152200e-001 9.114224275458e-001 3.951169347942e-001
1.148000920651e-001 9.114268764991e-001 3.951227501131e-001
1.147431025097e-001 9.114320237938e-001 3.951274306216e-001
1.146852402503e-001 9.114378497120e-001 3.951307907277e-001
1.146273620067e-001 9.114442855095e-001 3.951327400905e-001
1.145703260441e-001 9.114512183284e-001 3.951332901665e-001
1.145149304715e-001 9.114584992513e-001 3.951325535079e-001
1.144618555713e-001 9.114659539566e-001 3.951307358295e-001
1.144116144624e-001 9.114733952217e-001 3.951281213468e-001
1.143645154645e-001 9.114806364272e-001 3.951250523833e-001
1.143206391908e-001 9.114875050804e-001 3.951219046539e-001
1.142798321167e-001 9.114938553859e-001 3.951190599873e-001
1.142417171968e-001 9.114995789341e-001 3.951168784738e-001
1.142057210304e-001 9.115046126851e-001 3.951156720984e-001
1.141711155924e-001 9.115089436349e-001 3.951156818427e-001
1.141370713986e-001 9.115126098035e-001 3.951170599983e-001
1.141027182629e-001 9.115156974448e-001 3.951198590260e-001
1.140672090018e-001 9.115183346951e-001 3.951240278004e-001
1.140297812306e-001 9.115206821565e-001 3.951294155000e-001
1.139898127868e-001 9.115229211209e-001 3.951357828039e-001
1.139468666581e-001 9.115252403344e-001 3.951428195122e-001
1.139007221416e-001 9.115278222987e-001 3.951501672415e-001
1.138513903002e-001 9.115308300888e-001 3.951574454876e-001
1.137991125396e-001 9.115343956566e-001 3.951642791550e-001
1.137443427615e-001 9.115386104155e-001 3.951703255706e-001
1.136877144144e-001 9.115435187567e-001 3.951752990812e-001
1.136299947812e-001 9.115491149369e-001 3.951789915263e-001
1.135720298803e-001 9.115553435213e-001 3.951812871666e-001
1.135146837648e-001 9.115621033505e-001 3.951821710362e-001
1.134587763779e-001 9.115692547671e-001 3.951817301269e-001
1.134050244530e-001 9.115766295928e-001 3.951801472861e-001
1.133539895824e-001 9.115840431819e-001 3.951776882136e-001
1.133060371475e-001 9.115913077213e-001 3.951746824292e-001
1.132613093120e-001 9.115982458201e-001 3.951714995171e-001
1.132197141193e-001 9.116047034183e-001 3.951685223299e-001
1.131809315855e-001 9.116105610650e-001 3.951661190946e-001
1.131444366842e-001 9.116157426993e-001 3.951646164704e-001
1.131095374087e-001 9.116202212797e-001 3.951642755881e-001
1.130754253259e-001 9.116240208001e-001 3.951652728767e-001
1.130412347781e-001 9.116272145358e-001 3.951676871375e-001
1.130061062102e-001 9.116299196561e-001 3.951714938441e-001
1.129692489907e-001 9.116322886019e-001 3.951765670695e-001
1.129299989668e-001 9.116344978968e-001 3.951826888640e-001
1.128878664536e-001 9.116367352508e-001 3.951895653340e-001
1.128425713482e-001 9.116391859080e-001 3.951968481763e-001
1.127940628731e-001 9.116420192503e-001 3.952041600461e-001
1.127425226178e-001 9.116453766271e-001 3.952111218934e-001
1.126883509632e-001 9.116493612531e-001 3.952173802909e-001
1.126321379262e-001 9.116540308756e-001 3.952226328215e-001
1.125746205163e-001 9.116593937085e-001 3.952266497576e-001
1.125166297771e-001 9.116654078841e-001 3.952292905277e-001
1.124590311595e-001 9.116719844578e-001 3.952305138340e-001
1.124026623032e-001 9.116789937633e-001 3.952303807123e-001
1.123482727619e-001 9.116862746675e-001 3.952290502863e-001
1.122964697033e-001 9.116936461153e-001 3.952267684825e-001
1.122476736826e-001 9.117009201459e-001 3.952238504416e-001
1.122020876824e-001 9.117079154753e-001 3.952206578349e-001
1.121596817371e-001 9.117144706736e-001 3.952175726824e-001
1.121201945651e-001 9.117204559591e-001 3.952149695500e-001
1.120831521839e-001 9.117257827288e-001 3.952131881706e-001
1.120479021910e-001 9.117304101046e-001 3.952125085382e-001
1.120136613718e-001 9.117343479689e-001 3.952131303485e-001
1.119795730331e-001 9.117376562532e-001 3.952151583547e-001
1.119447696862e-001 9.117404405350e-001 3.952185947459e-001
1.119084364929e-001 9.117428442650e-001 3.952233391050e-001
1.118698706562e-001 9.117450382287e-001 3.952291959164e-001
1.118285322903e-001 9.117472080553e-001 3.952358890198e-001
1.117840832806e-001 9.117495406932e-001 3.952430818761e-001
1.117364111892e-001 9.117522108771e-001 3.952504021190e-001
1.116856368190e-001 9.117553685460e-001 3.952574685643e-001
1.116321049880e-001 9.117591281100e-001 3.952639187228e-001
1.115763592527e-001 9.117635603152e-001 3.952694348635e-001
1.115191026154e-001 9.117686872420e-001 3.952737667957e-001
1.114611469689e-001 9.117744807711e-001 3.952767497980e-001
1.114033547670e-001 9.117808646195e-001 3.952783164560e-001
1.113465771214e-001 9.117877197869e-001 3.952785015773e-001
1.112915925744e-001 9.117948930489e-001 3.952774398219e-001
1.112390507906e-001 9.118022079245e-001 3.952753561799e-001
1.111894253316e-001 9.118094773485e-001 3.952725499093e-001
1.111429789112e-001 9.118165171695e-001 3.952693730302e-001
1.110997436975e-001 9.118231595167e-001 3.952662048789e-001
1.110595184475e-001 9.118292650425e-001 3.952634245339e-001
1.110218826253e-001 9.118347331491e-001 3.952613831394e-001
1.109862267890e-001 9.118395094026e-001 3.952603781757e-001
1.109517970031e-001 9.118435895663e-001 3.952606316201e-001
1.109177499303e-001 9.118470199387e-001 3.952622736605e-001
1.108832146078e-001 9.118498939503e-001 3.952653331890e-001
1.108473561847e-001 9.118523452828e-001 3.952697357870e-001
1.108094367698e-001 9.118545380477e-001 3.952753093282e-001
1.107688690093e-001 9.118566547623e-001 3.952817967276e-001
1.107252584259e-001 9.118588830371e-001 3.952888748408e-001
1.106784314605e-001 9.118614019734e-001 3.952961780747e-001
1.106284474648e-001 9.118643692462e-001 3.953033249428e-001
1.105755938836e-001 9.118679097990e-001 3.953099456326e-001
1.105203650599e-001 9.118721069457e-001 3.953157086197e-001
1.104634264237e-001 9.118769964669e-001 3.953203444514e-001
1.104055665901e-001 9.118825641024e-001 3.953236650544e-001
1.103476406749e-001 9.118887466033e-001 3.953255772345e-001
1.102905089718e-001 9.118954362491e-001 3.953260894235e-001
1.102349750382e-001 9.119024885406e-001 3.953253111955e-001
1.101817277214e-001 9.119097325283e-001 3.953234455438e-001
1.101312911787e-001 9.119169830728e-001 3.953207744183e-001
1.100839864635e-001 9.119240541930e-001 3.953176384991e-001
1.100399077006e-001 9.119307725374e-001 3.953144126041e-001
1.099989146728e-001 9.119369900119e-001 3.953114784810e-001
1.099606424618e-001 9.119425946316e-001 3.953091969662e-001
1.099245277184e-001 9.119475187631e-001 3.953078815653e-001
1.098898496480e-001 9.119517441274e-001 3.953077754451e-001
1.098557826395e-001 9.119553031741e-001 3.953090335842e-001
1.098214567373e-001 9.119582767013e-001 3.953117114331e-001
1.097860213333e-001 9.119607879043e-001 3.953157609365e-001
1.097487072171e-001 9.119629933204e-001 3.953210341965e-001
1.097088825480e-001 9.119650713431e-001 3.953272944538e-001
1.096660984258e-001 9.119672092011e-001 3.953342335266e-001
1.096201209980e-001 9.119695893557e-001 3.953414943601e-001
1.095709478340e-001 9.119723763208e-001 3.953486969988e-001
1.095188074814e-001 9.119757048558e-001 3.953554660816e-001
1.094641425384e-001 9.119796703450e-001 3.953614578785e-001
1.094075775064e-001 9.119843220272e-001 3.953663849657e-001
1.093498737113e-001 9.119896595355e-001 3.953700368258e-001
1.092918746269e-001 9.119956329563e-001 3.953722949438e-001
1.092344453572e-001 9.120021464024e-001 3.953731413549e-001
1.091784104238e-001 9.120090648609e-001 3.953726600423e-001
1.091244943480e-001 9.120162238359e-001 3.953710310497e-001
1.090732691723e-001 9.120234411345e-001 3.953685176810e-001
1.090251126403e-001 9.120305299843e-001 3.953654476434e-001
1.089801803394e-001 9.120373125399e-001 3.953621894265e-001
1.089383937496e-001 9.120436328252e-001 3.953591255938e-001
1.088994454289e-001 9.120493681398e-001 3.953566249111e-001
1.088628210352e-001 9.120544380780e-001 3.953550153702e-001
1.088278366047e-001 9.120588104742e-001 3.953545601310e-001
1.087936885085e-001 9.120625037943e-001 3.953554381986e-001
1.087595123002e-001 9.120655857890e-001 3.953577313062e-001
1.087244459568e-001 9.120681685112e-001 3.953614179964e-001
1.086876928897e-001 9.120704000676e-001 3.953663753216e-001
1.086485799478e-001 9.120724537449e-001 3.953723880028e-001
1.086066060753e-001 9.120745153452e-001 3.953791643152e-001
1.085614782634e-001 9.120767696666e-001 3.953863574679e-001
1.085131322337e-001 9.120793871338e-001 3.953935908667e-001
1.084617364548e-001 9.120825115466e-001 3.954004854020e-001
1.084076795053e-001 9.120862497980e-001 3.954066867842e-001
1.083515417585e-001 9.120906642746e-001 3.954118909968e-001
1.082940534130e-001 9.120957684580e-001 3.954158660908e-001
1.082360420556e-001 9.121015259968e-001 3.954184688079e-001
1.081783732057e-001 9.121078533246e-001 3.954196548910e-001
1.081218881727e-001 9.121146256228e-001 3.954194823513e-001
1.080673434902e-001 9.121216857306e-001 3.954181074395e-001
1.080153561352e-001 9.121288554002e-001 3.954157735667e-001
1.079663586053e-001 9.121359481071e-001 3.954127939006e-001
1.079205671037e-001 9.121427825226e-001 3.954095288279e-001
1.078779652075e-001 9.121491956890e-001 3.954063598713e-001
1.078383045103e-001 9.121550549194e-001 3.954036619271e-001
1.078011222905e-001 9.121602675378e-001 3.954017758665e-001
1.077657749585e-001 9.121647877206e-001 3.954009835474e-001
1.077314850106e-001 9.121686198953e-001 3.954014871188e-001
1.076973979395e-001 9.121718184297e-001 3.954033941935e-001
1.076626447509e-001 9.121744836381e-001 3.954067100149e-001
1.076264055661e-001 9.121767543901e-001 3.954113371861e-001
1.075879693170e-001 9.121787979133e-001 3.954170829588e-001
1.075467853082e-001 9.121807975502e-001 3.954236734828e-001
1.075025028376e-001 9.121829393989e-001 3.954307739077e-001
1.074549960281e-001 9.121853988353e-001 3.954380128165e-001
1.074043723652e-001 9.121883278789e-001 3.954450091711e-001
1.073509644260e-001 9.121918443057e-001 3.954513998192e-001
1.072953054747e-001 9.121960232683e-001 3.954568656082e-001
1.072380908988e-001 9.122008919768e-001 3.954611542708e-001
1.071801281931e-001 9.122064277984e-001 3.954640985018e-001
1.071222789433e-001 9.122125599012e-001 3.954656279786e-001
1.070653969888e-001 9.122191743110e-001 3.954657744823e-001
1.070102670091e-001 9.122261220438e-001 3.954646697438e-001
1.069575477795e-001 9.122332297662e-001 3.954625361312e-001
1.069077243389e-001 9.122403122343e-001 3.954596707774e-001
1.068610723510e-001 9.122471856615e-001 3.954564242350e-001
1.068176375461e-001 9.122536810462e-001 3.954531751380e-001
1.067772318310e-001 9.122596564949e-001 3.954503026859e-001
1.067394464480e-001 9.122650076298e-001 3.954481589617e-001
1.067036814919e-001 9.122696752775e-001 3.954470431362e-001
1.066691896146e-001 9.122736498487e-001 3.954471795053e-001
1.066351306284e-001 9.122769720697e-001 3.954487010311e-001
1.066006330513e-001 9.122797299881e-001 3.954516396297e-001
1.065648578893e-001 9.122820524873e-001 3.954559239316e-001
1.065270597974e-001 9.122840998145e-001 3.954613846593e-001
1.064866412152e-001 9.122860518353e-001 3.954677671687e-001
1.064431954612e-001 9.122880949105e-001 3.954747501733e-001
1.063965356683e-001 9.122904083772e-001 3.954819692234e-001
1.063467077421e-001 9.122931516097e-001 3.954890431838e-001
1.062939865098e-001 9.122964525876e-001 3.954956017808e-001
1.062388554172e-001 9.123003987754e-001 3.955013122531e-001
1.061819715293e-001 9.123050309170e-001 3.955059032249e-001
1.061241181441e-001 9.123103401796e-001 3.955091841533e-001
1.060661485616e-001 9.123162688111e-001 3.955110590008e-001
1.060089248557e-001 9.123227142678e-001 3.955115331846e-001
1.059532558476e-001 9.123295365355e-001 3.955107133065e-001
1.058998387659e-001 9.123365681338e-001 3.955087996432e-001
1.058492086762e-001 9.123436261238e-001 3.955060718799e-001
1.058016992901e-001 9.123505252914e-001 3.955028690513e-001
1.057574182295e-001 9.123570915583e-001 3.954995650728e-001
1.057162386321e-001 9.123631746565e-001 3.954965416034e-001
1.056778078138e-001 9.123686591347e-001 3.954941602153e-001
1.056415726356e-001 9.123734728514e-001 3.954927359233e-001
1.056068197322e-001 9.123775923065e-001 3.954925140671e-001
1.055727275820e-001 9.123810443997e-001 3.954936523017e-001
1.055384267154e-001 9.123839044550e-001 3.954962090563e-001
1.055030633010e-001 9.123862906780e-001 3.955001393386e-001
1.054658615164e-001 9.123883554579e-001 3.955052981686e-001
1.054261799785e-001 9.123902741854e-001 3.955114513476e-001
1.053835580299e-001 9.123922324459e-001 3.955182927114e-001
1.053377487101e-001 9.123944125304e-001 3.955254665378e-001
1.052887360823e-001 9.123969802623e-001 3.955325934263e-001
1.052367357634e-001 9.124000730899e-001 3.955392977586e-001
1.051821789201e-001 9.124037902696e-001 3.955452347574e-001
1.051256809339e-001 9.124081858150e-001 3.955501152394e-001
1.050679969675e-001 9.124132646945e-001 3.955537263416e-001
1.050099677256e-001 9.124189825089e-001 3.955559467834e-001
1.049524591355e-001 9.124252486708e-001 3.955567556109e-001
1.048963000753e-001 9.124319328736e-001 3.955562338064e-001
1.048422226920e-001 9.124388743915e-001 3.955545586138e-001
1.047908093118e-001 9.124458935982e-001 3.955519909436e-001
1.047424499647e-001 9.124528048877e-001 3.955488566890e-001
1.046973136076e-001 9.124594300938e-001 3.955455232413e-001
1.046553352118e-001 9.124656114501e-001 3.955423728664e-001
1.046162199608e-001 9.124712231215e-001 3.955397748598e-001
1.045794643429e-001 9.124761804498e-001 3.955380585347e-001
1.045443926264e-001 9.124804462080e-001 3.955374890684e-001
1.045102062059e-001 9.124840333637e-001 3.955382480305e-001
1.044760420781e-001 9.124870041364e-001 3.955404200760e-001
1.044410359802e-001 9.124894654205e-001 3.955439868081e-001
1.044043855733e-001 9.124915609149e-001 3.955488282528e-001
1.043654088787e-001 9.124934605688e-001 3.955547317992e-001
1.043235935923e-001 9.124953481565e-001 3.955614078910e-001
1.042786338643e-001 9.124974079003e-001 3.955685112526e-001
1.042304519194e-001 9.124998111368e-001 3.955756660463e-001
1.041792030403e-001 9.125027039951e-001 3.955824931104e-001
1.041252639129e-001 9.125061969392e-001 3.955886373022e-001
1.040692050815e-001 9.125103569167e-001 3.955937930169e-001
1.040117497509e-001 9.125152026255e-001 3.955977260945e-001
1.039537218065e-001 9.125207032164e-001 3.956002906015e-001
1.038959866309e-001 9.125267805175e-001 3.956014393306e-001
1.038393889764e-001 9.125333146108e-001 3.956012272761e-001
1.037846921623e-001 9.125401523904e-001 3.955998078211e-001
1.037325228186e-001 9.125471185227e-001 3.955974218643e-001
1.036833252794e-001 9.125540280427e-001 3.955943805996e-001
1.036373289215e-001 9.125606997086e-001 3.955910431258e-001
1.035945308786e-001 9.125669691645e-001 3.955877904611e-001
1.035546956960e-001 9.125727009374e-001 3.955849978236e-001
1.035173720452e-001 9.125777983767e-001 3.955830072118e-001
1.034819253210e-001 9.125822107859e-001 3.955821023366e-001
1.034475839662e-001 9.125859371738e-001 3.955824877874e-001
1.034134958664e-001 9.125890263502e-001 3.955842740276e-001
1.033787907684e-001 9.125915733319e-001 3.955874693450e-001
1.033426439434e-001 9.125937123444e-001 3.955919793578e-001
1.033043362572e-001 9.125956069608e-001 3.955976140806e-001
1.032633063337e-001 9.125974381224e-001 3.956041019725e-001
1.032191909637e-001 9.125993909491e-001 3.956111098746e-001
1.031718508518e-001 9.126016413263e-001 3.956182673238e-001
1.031213801247e-001 9.126043432290e-001 3.956251934354e-001
1.030680990196e-001 9.126076176885e-001 3.956315244031e-001
1.030125303579e-001 9.126115441761e-001 3.956369396629e-001
1.029553617222e-001 9.126161549731e-001 3.956411848818e-001
1.028973959928e-001 9.126214329077e-001 3.956440901813e-001
1.028394936514e-001 9.126273126088e-001 3.956455823410e-001
1.027825110649e-001 9.126336851698e-001 3.956456901227e-001
1.027272388246e-001 9.126404059234e-001 3.956445423350e-001
1.026743446639e-001 9.126473047838e-001 3.956423587266e-001
1.026243249565e-001 9.126541984500e-001 3.956394343070e-001
1.025774682749e-001 9.126609036285e-001 3.956361181570e-001
1.025338339022e-001 9.126672503186e-001 3.956327882029e-001
1.024932469544e-001 9.126730942035e-001 3.956298237566e-001
1.024553105707e-001 9.126783272306e-001 3.956275778297e-001
1.024194345501e-001 9.126828855662e-001 3.956263512723e-001
1.023848783369e-001 9.126867543165e-001 3.956263706873e-001
1.023508051203e-001 9.126899686484e-001 3.956277718005e-001
1.023163431319e-001 9.126926112039e-001 3.956305895427e-001
1.022806494541e-001 9.126948060109e-001 3.956347555866e-001
1.022429714803e-001 9.126967093652e-001 3.956401034993e-001
1.022027015929e-001 9.126984983707e-001 3.956463810765e-001
1.021594210026e-001 9.127003580125e-001 3.956532688911e-001
1.021129295635e-001 9.127024677333e-001 3.956604036412e-001
1.020632597335e-001 9.127049884767e-001 3.956674045487e-001
1.020106736144e-001 9.127080511448e-001 3.956739008883e-001
1.019556436331e-001 9.127117472571e-001 3.956795586712e-001
1.018988182851e-001 9.127161224561e-001 3.956841046096e-001
1.018409753639e-001 9.127211732993e-001 3.956873457012e-001
1.017829661195e-001 9.127268475317e-001 3.956891830752e-001
1.017256541795e-001 9.127330478209e-001 3.956896191428e-001
1.016698534194e-001 9.127396387043e-001 3.956887575402e-001
1.016162692710e-001 9.127464562651e-001 3.956867958310e-001
1.015654475746e-001 9.127533198800e-001 3.956840114372e-001
1.015177346203e-001 9.127600452304e-001 3.956807417458e-001
1.014732515084e-001 9.127664576430e-001 3.956773597645e-001
1.014318847751e-001 9.127724048019e-001 3.956742470558e-001
1.013932940662e-001 9.127777679006e-001 3.956717659181e-001
1.013569366314e-001 9.127824703741e-001 3.956702328637e-001
1.013221067084e-001 9.127864835604e-001 3.956698953947e-001
1.012879871033e-001 9.127898288308e-001 3.956709138307e-001
1.012537090422e-001 9.127925760238e-001 3.956733495714e-001
1.012184157184e-001 9.127948383050e-001 3.956771606792e-001
1.011813248908e-001 9.127967638365e-001 3.956822050876e-001
1.011417857958e-001 9.127985249019e-001 3.956882511560e-001
1.010993261306e-001 9.128003053210e-001 3.956949947395e-001
1.010536858794e-001 9.128022870837e-001 3.957020814514e-001
1.010048355908e-001 9.128046371929e-001 3.957091324526e-001
1.009529778822e-001 9.128074956668e-001 3.957157718757e-001
1.008985323647e-001 9.128109655328e-001 3.957216539056e-001
1.008421051294e-001 9.128151055044e-001 3.957264876099e-001
1.007844449638e-001 9.128199258421e-001 3.957300577907e-001
1.007263896022e-001 9.128253876492e-001 3.957322404111e-001
1.006688055448e-001 9.128314056656e-001 3.957330115378e-001
1.006125258259e-001 9.128378543476e-001 3.957324491586e-001
1.005582900073e-001 9.128445768293e-001 3.957307277231e-001
1.005066905749e-001 9.128513961592e-001 3.957281057493e-001
1.004581297428e-001 9.128581280238e-001 3.957249073150e-001
1.004127898024e-001 9.128645940684e-001 3.957214987089e-001
1.003706192428e-001 9.128706348644e-001 3.957182618924e-001
1.003313359615e-001 9.128761215577e-001 3.957155666814e-001
1.002944474193e-001 9.128809653313e-001 3.957137436995e-001
1.002592863039e-001 9.128851239626e-001 3.957130601301e-001
1.002250592508e-001 9.128886049534e-001 3.957137000970e-001
1.001909049315e-001 9.128914649879e-001 3.957157511665e-001
1.001559570723e-001 9.128938057633e-001 3.957191979951e-001
1.001194077932e-001 9.128957664991e-001 3.957239235770e-001
1.000805664611e-001 9.128975137085e-001 3.957297179663e-001
1.000389096416e-001 9.128992290203e-001 3.957362937764e-001
9.999411873660e-002 9.129010959496e-001 3.957433072486e-001
9.994610245885e-002 9.129032866162e-001 3.957503833081e-001
9.989500286733e-002 9.129059493539e-001 3.957571427484e-001
9.984118462192e-002 9.129091980932e-001 3.957632295833e-001
9.978520830181e-002 9.129131042580e-001 3.957683366292e-001
9.972778991368e-002 9.129176917106e-001 3.957722275258e-001
9.966974942130e-002 9.129229350850e-001 3.957747536745e-001
9.961195184218e-002 9.129287616193e-001 3.957758649266e-001
9.955524515105e-002 9.129350563461e-001 3.957756132675e-001
9.950039925605e-002 9.129416702940e-001 3.957741492174e-001
9.944805028117e-002 9.129484311487e-001 3.957717111650e-001
9.939865428804e-002 9.129551556272e-001 3.957686083299e-001
9.935245377476e-002 9.129616627056e-001 3.957651985190e-001
9.930945943482e-002 9.129677867607e-001 3.957618622405e-001
9.926944886018e-002 9.129733896511e-001 3.957589750240e-001
9.923198222130e-002 9.129783708544e-001 3.957568799863e-001
9.919643408894e-002 9.129826748734e-001 3.957558626794e-001
9.916203904031e-002 9.129862953425e-001 3.957561301233e-001
9.912794760689e-002 9.129892755169e-001 3.957577956205e-001
9.909328849973e-002 9.129917050875e-001 3.957608704961e-001
9.905723235632e-002 9.129937135721e-001 3.957652633769e-001
9.901905216048e-002 9.129954607977e-001 3.957707870373e-001
