0.000000
240.000000
480.000000
720.000000
960.000000
1200.000000
1440.000000
1680.000000
1920.000000
2160.000000
2400.000000
2640.000000
2880.000000
3120.000000
3360.000000
3600.000000
3840.000000
4080.000000
4320.000000
4560.000000
4800.000000
5040.000000
5280.000000
5520.000000
5760.000000
6000.000000
6240.000000
6480.000000
6720.000000
6960.000000
7200.000000
7440.000000
7680.000000
7920.000000
8160.000000
8400.000000
8640.000000
8880.000000
9120.000000
9360.000000
9600.000000
9840.000000
10080.000000
10320.000000
10560.000000
10800.000000
11040.000000
11280.000000
11520.000000
11760.000000
12000.000000
12240.000000
12480.000000
12720.000000
12960.000000
13200.000000
13440.000000
13680.000000
13920.000000
14160.000000
14400.000000
14640.000000
14880.000000
15120.000000
15360.000000
15600.000000
15840.000000
16080.000000
16320.000000
16560.000000
16800.000000
17040.000000
17280.000000
17520.000000
17760.000000
18000.000000
18240.000000
18480.000000
18720.000000
18960.000000
19200.000000
19440.000000
19680.000000
19920.000000
20160.000000
20400.000000
20640.000000
20880.000000
21120.000000
21360.000000
21600.000000
21840.000000
22080.000000
22320.000000
22560.000000
22800.000000
23040.000000
23280.000000
23520.000000
23760.000000
24000.000000
24240.000000
24480.000000
24720.000000
24960.000000
25200.000000
25440.000000
25680.000000
25920.000000
26160.000000
26400.000000
26640.000000
26880.000000
27120.000000
27360.000000
27600.000000
27840.000000
28080.000000
28320.000000
28560.000000
28800.000000
29040.000000
29280.000000
29520.000000
29760.000000
30000.000000
30240.000000
30480.000000
30720.000000
30960.000000
31200.000000
31440.000000
31680.000000
31920.000000
32160.000000
32400.000000
32640.000000
32880.000000
33120.000000
33360.000000
33600.000000
33840.000000
34080.000000
34320.000000
34560.000000
34800.000000
35040.000000
35280.000000
35520.000000
35760.000000
36000.000000
36240.000000
36480.000000
36720.000000
36960.000000
37200.000000
37440.000000
37680.000000
37920.000000
38160.000000
38400.000000
38640.000000
38880.000000
39120.000000
39360.000000
39600.000000
39840.000000
40080.000000
40320.000000
40560.000000
40800.000000
41040.000000
41280.000000
41520.000000
41760.000000
42000.000000
42240.000000
42480.000000
42720.000000
42960.000000
43200.000000
43440.000000
43680.000000
43920.000000
44160.000000
44400.000000
44640.000000
44880.000000
45120.000000
45360.000000
45600.000000
45840.000000
46080.000000
46320.000000
46560.000000
46800.000000
47040.000000
47280.000000
47520.000000
47760.000000
48000.000000
48240.000000
48480.000000
48720.000000
48960.000000
49200.000000
49440.000000
49680.000000
49920.000000
50160.000000
50400.000000
50640.000000
50880.000000
51120.000000
51360.000000
51600.000000
51840.000000
52080.000000
52320.000000
52560.000000
52800.000000
53040.000000
53280.000000
53520.000000
53760.000000
54000.000000
54240.000000
54480.000000
54720.000000
54960.000000
55200.000000
55440.000000
55680.000000
55920.000000
56160.000000
56400.000000
56640.000000
56880.000000
57120.000000
57360.000000
57600.000000
57840.000000
58080.000000
58320.000000
58560.000000
58800.000000
59040.000000
59280.000000
59520.000000
59760.000000
60000.000000
60240.000000
60480.000000
60720.000000
60960.000000
61200.000000
61440.000000
61680.000000
61920.000000
62160.000000
62400.000000
62640.000000
62880.000000
63120.000000
63360.000000
63600.000000
63840.000000
64080.000000
64320.000000
64560.000000
64800.000000
65040.000000
65280.000000
65520.000000
65760.000000
66000.000000
66240.000000
66480.000000
66720.000000
66960.000000
67200.000000
67440.000000
67680.000000
67920.000000
68160.000000
68400.000000
68640.000000
68880.000000
69120.000000
69360.000000
69600.000000
69840.000000
70080.000000
70320.000000
70560.000000
70800.000000
71040.000000
71280.000000
71520.000000
71760.000000
72000.000000
72240.000000
72480.000000
72720.000000
72960.000000
73200.000000
73440.000000
73680.000000
73920.000000
74160.000000
74400.000000
74640.000000
74880.000000
75120.000000
75360.000000
75600.000000
75840.000000
76080.000000
76320.000000
76560.000000
76800.000000
77040.000000
77280.000000
77520.000000
77760.000000
78000.000000
78240.000000
78480.000000
78720.000000
78960.000000
79200.000000
79440.000000
79680.000000
79920.000000
80160.000000
80400.000000
80640.000000
80880.000000
81120.000000
81360.000000
81600.000000
81840.000000
82080.000000
82320.000000
82560.000000
82800.000000
83040.000000
83280.000000
83520.000000
83760.000000
84000.000000
84240.000000
84480.000000
84720.000000
84960.000000
85200.000000
85440.000000
85680.000000
85920.000000
86160.000000
86400.000000
