3.838791e+003 3.942064e+003 5.321864e+003
1.936475e+003 4.517007e+003 5.871197e+003
-1.076085e+002 4.764464e+003 5.994737e+003
-2.145057e+003 4.666049e+003 5.682987e+003
-4.027614e+003 4.228559e+003 4.958172e+003
-5.618068e+003 3.483579e+003 3.872739e+003
-6.800391e+003 2.485227e+003 2.505585e+003
-7.488356e+003 1.306210e+003 9.562857e+002
-7.631925e+003 3.245893e+001 -6.622493e+002
-7.220922e+003 -1.243222e+003 -2.232122e+003
-6.285700e+003 -2.428011e+003 -3.639146e+003
-4.894788e+003 -3.435886e+003 -4.781221e+003
-3.149714e+003 -4.193894e+003 -5.575757e+003
-1.177458e+003 -4.647398e+003 -5.965597e+003
8.788748e+002 -4.763946e+003 -5.923025e+003
2.870459e+003 -4.535499e+003 -5.451621e+003
4.653451e+003 -3.978899e+003 -4.585865e+003
6.099252e+003 -3.134565e+003 -3.388545e+003
7.103640e+003 -2.063554e+003 -1.946211e+003
7.594142e+003 -8.431739e+002 -3.629755e+002
7.535192e+003 4.385111e+002 1.246900e+003
6.930706e+003 1.688949e+003 2.767133e+003
5.823899e+003 2.817695e+003 4.087717e+003
4.294328e+003 3.742906e+003 5.112834e+003
2.452326e+003 4.397268e+003 5.767817e+003
4.311680e+002 4.732942e+003 6.004650e+003
-1.622506e+003 4.725141e+003 5.805605e+003
-3.559341e+003 4.374053e+003 5.184681e+003
-5.238219e+003 3.704937e+003 4.186714e+003
-6.536680e+003 2.766350e+003 2.884182e+003
-7.360006e+003 1.626615e+003 1.371918e+003
-7.648245e+003 3.687930e+002 -2.398713e+002
-7.380632e+003 -9.154557e+002 -1.833753e+003
-6.577053e+003 -2.132645e+003 -3.293740e+003
-5.296466e+003 -3.194344e+003 -4.513814e+003
-3.632430e+003 -4.023635e+003 -5.405655e+003
-1.706127e+003 -4.560667e+003 -5.904999e+003
3.425763e+002 -4.766916e+003 -5.976180e+003
2.365312e+003 -4.627857e+003 -5.614561e+003
4.215916e+003 -4.153893e+003 -4.846722e+003
5.760876e+003 -3.379514e+003 -3.728430e+003
6.888816e+003 -2.360760e+003 -2.340573e+003
7.518387e+003 -1.171191e+003 -7.833548e+002
7.604035e+003 1.033560e+002 8.308471e+002
7.139279e+003 1.370869e+003 2.385473e+003
6.157254e+003 2.539716e+003 3.768093e+003
4.728473e+003 3.525206e+003 4.878467e+003
2.955910e+003 4.255711e+003 5.635810e+003
9.677165e+002 4.677906e+003 5.984722e+003
-1.091958e+003 4.760730e+003 5.899340e+003
-3.073408e+003 4.497772e+003 5.385376e+003
-4.832326e+003 3.907846e+003 4.479837e+003
-6.240440e+003 3.033702e+003 3.248419e+003
-7.195022e+003 1.938936e+003 1.780736e+003
-7.626509e+003 7.033183e+002 1.837334e+002
-7.503649e+003 -5.830974e+002 -1.426216e+003
-6.835749e+003 -1.826633e+003 -2.931908e+003
-5.671894e+003 -2.936891e+003 -4.223934e+003
-4.097194e+003 -3.833367e+003 -5.208681e+003
-2.226418e+003 -4.451291e+003 -5.815088e+003
-1.955017e+002 -4.746248e+003 -5.999706e+003
1.848380e+003 -4.697288e+003 -5.749692e+003
3.757458e+003 -4.308323e+003 -5.083589e+003
5.393952e+003 -3.607735e+003 -4.049862e+003
6.639876e+003 -2.646273e+003 -2.723341e+003
7.405397e+003 -1.493390e+003 -1.199833e+003
7.635198e+003 -2.322800e+002 4.107165e+002
7.312440e+003 1.046036e+003 1.992040e+003
6.460025e+003 2.249185e+003 3.429833e+003
5.139083e+003 3.290051e+003 4.619932e+003
3.444730e+003 4.093048e+003 5.475843e+003
1.499369e+003 4.599636e+003 5.935062e+003
-5.560559e+002 4.772647e+003 5.963733e+003
-2.572241e+003 4.599107e+003 5.559262e+003
-4.402416e+003 4.091297e+003 4.750649e+003
-5.913149e+003 3.285950e+003 3.596481e+003
-6.994224e+003 2.241614e+003 2.180701e+003
-7.566821e+003 1.034366e+003 6.064525e+002
-7.589351e+003 -2.478027e+002 -1.011540e+003
-7.060492e+003 -1.511496e+003 -2.555447e+003
-6.019196e+003 -2.664800e+003 -3.913017e+003
-4.541690e+003 -3.624029e+003 -4.985805e+003
-2.735748e+003 -4.319805e+003 -5.696302e+003
-7.326941e+002 -4.702035e+003 -5.993479e+003
1.322218e+003 -4.743444e+003 -5.856339e+003
3.280338e+003 -4.441420e+003 -5.295290e+003
5.000290e+003 -3.818097e+003 -4.351250e+003
6.358049e+003 -2.918683e+003 -3.092624e+003
7.255733e+003 -1.808181e+003 -1.610352e+003
7.628535e+003 -5.667375e+002 -1.141404e+001
7.449342e+003 7.160577e+002 1.588782e+003
6.730720e+003 1.947546e+003 3.074617e+003
5.524127e+003 3.038613e+003 4.338520e+003
3.916364e+003 3.910094e+003 5.288719e+003
2.023485e+003 4.498530e+003 5.855926e+003
-1.746935e+001 4.760838e+003 5.998473e+003
-2.058340e+003 4.677556e+003 5.705479e+003
-3.950637e+003 4.254376e+003 4.997802e+003
-5.556443e+003 3.521835e+003 3.926631e+003
-6.758615e+003 2.533138e+003 2.569817e+003
-7.469473e+003 1.360285e+003 1.026177e+003
-7.637303e+003 8.875771e+001 -5.917915e+002
-7.250153e+003 -1.188800e+003 -2.166227e+003
-6.336636e+003 -2.379422e+003 -3.582602e+003
-4.963703e+003 -3.396654e+003 -4.738125e+003
-3.231586e+003 -4.166852e+003 -5.549220e+003
-1.266338e+003 -4.634490e+003 -5.957518e+003
7.894283e+002 -4.766089e+003 -5.933967e+003
2.786913e+003 -4.552522e+003 -5.480773e+003
4.581833e+003 -4.009559e+003 -4.631104e+003
6.044727e+003 -3.176642e+003 -3.446597e+003
7.070138e+003 -2.114007e+003 -2.012884e+003
7.584085e+003 -8.983637e+002 -4.334577e+002
7.549317e+003 3.825682e+002 1.177697e+003
6.968009e+003 1.636295e+003 2.704210e+003
5.881706e+003 2.772143e+003 4.035633e+003
4.368478e+003 3.707763e+003 5.075376e+003
2.537462e+003 4.375097e+003 5.747718e+003
5.211210e+002 4.725370e+003 6.003394e+003
-1.534270e+003 4.732735e+003 5.823306e+003
-3.479245e+003 4.396276e+003 5.220069e+003
-5.172103e+003 3.740182e+003 4.237225e+003
-6.489368e+003 2.812055e+003 2.946142e+003
-7.334947e+003 1.679449e+003 1.440814e+003
-7.647260e+003 4.249059e+002 -1.690614e+002
-7.403778e+003 -8.601515e+002 -1.766186e+003
-6.622625e+003 -2.082172e+003 -3.234328e+003
-5.361128e+003 -3.152366e+003 -4.466865e+003
-3.711465e+003 -3.993186e+003 -5.374562e+003
-1.793787e+003 -4.543940e+003 -5.891994e+003
2.526469e+002 -4.765105e+003 -5.982182e+003
2.279619e+003 -4.641075e+003 -5.639115e+003
4.140646e+003 -4.181172e+003 -4.888036e+003
5.701457e+003 -3.418875e+003 -3.783511e+003
6.849531e+003 -2.409359e+003 -2.405441e+003
7.502072e+003 -1.225520e+003 -8.533289e+002
7.611876e+003 4.721706e+001 7.608178e+002
7.170727e+003 1.316975e+003 2.320448e+003
6.210058e+003 2.491967e+003 3.712780e+003
4.798834e+003 3.487066e+003 4.836882e+003
3.038749e+003 4.229959e+003 5.610986e+003
1.057036e+003 4.666425e+003 5.978482e+003
-1.002641e+003 4.764374e+003 5.912162e+003
-2.990593e+003 4.516292e+003 5.416346e+003
-4.762049e+003 3.939905e+003 4.526715e+003
-6.187828e+003 3.076972e+003 3.307799e+003
-7.163912e+003 1.990265e+003 1.848293e+003
-7.619165e+003 7.589656e+002 2.545424e+002
-7.520593e+003 -5.271864e+002 -1.357313e+003
-6.875729e+003 -1.774527e+003 -2.869922e+003
-5.731979e+003 -2.892373e+003 -4.173365e+003
-4.172999e+003 -3.799661e+003 -5.173185e+003
-2.312424e+003 -4.430827e+003 -5.797221e+003
-2.854687e+002 -4.740489e+003 -6.000738e+003
1.760964e+003 -4.706635e+003 -5.769526e+003
3.678907e+003 -4.332085e+003 -5.120773e+003
5.329931e+003 -3.644186e+003 -4.101699e+003
6.595001e+003 -2.692777e+003 -2.786084e+003
7.382905e+003 -1.546590e+003 -1.268953e+003
7.636719e+003 -2.883373e+002 3.402076e+002
7.337879e+003 9.911687e+002 1.925235e+003
6.507564e+003 2.199476e+003 3.371565e+003
5.205306e+003 3.249104e+003 4.574429e+003
3.524861e+003 4.063843e+003 5.446418e+003
1.587612e+003 4.584306e+003 5.923871e+003
-4.661040e+002 4.772324e+003 5.971614e+003
-2.487121e+003 4.613831e+003 5.585662e+003
-4.328329e+003 4.120010e+003 4.793661e+003
-5.855500e+003 3.326568e+003 3.652984e+003
-6.957218e+003 2.291181e+003 2.246581e+003
-7.553153e+003 1.089270e+003 6.769073e+002
-7.600007e+003 -1.915634e+002 -9.416438e+002
-7.094679e+003 -1.458016e+003 -2.491195e+003
-6.074405e+003 -2.617965e+003 -3.859077e+003
-4.613886e+003 -3.587232e+003 -4.946082e+003
-2.819673e+003 -4.295702e+003 -5.673659e+003
-8.222528e+002 -4.692357e+003 -5.989533e+003
1.233512e+003 -4.748872e+003 -5.871354e+003
3.198894e+003 -4.461547e+003 -5.328160e+003
4.931985e+003 -3.851457e+003 -4.399588e+003
6.307806e+003 -2.962862e+003 -3.152932e+003
7.227176e+003 -1.859989e+003 -1.678277e+003
7.623730e+003 -6.224361e+002 -8.205377e+001
7.468648e+003 6.604892e+002 1.520528e+003
6.772761e+003 1.896124e+003 3.013684e+003
5.585886e+003 2.995063e+003 4.289325e+003
3.993391e+003 3.877582e+003 5.254840e+003
2.110212e+003 4.479428e+003 5.839842e+003
7.266991e+001 4.756551e+003 6.001374e+003
-1.971339e+003 4.688412e+003 5.727177e+003
-3.873110e+003 4.279601e+003 5.036735e+003
-5.494045e+003 3.559600e+003 3.979976e+003
-6.715897e+003 2.580697e+003 2.633691e+003
-7.449549e+003 1.414172e+003 1.095926e+003
-7.641618e+003 1.450450e+002 -5.212502e+002
-7.278376e+003 -1.134212e+003 -2.100030e+003
-6.386692e+003 -2.330501e+003 -3.525559e+003
-5.031931e+003 -3.356948e+003 -4.694371e+003
-3.313012e+003 -4.139231e+003 -5.521911e+003
-1.355045e+003 -4.620939e+003 -5.948613e+003
6.998701e+002 -4.767571e+003 -5.944086e+003
2.702978e+003 -4.568914e+003 -5.509165e+003
4.509580e+003 -4.039663e+003 -4.675702e+003
5.989364e+003 -3.218278e+003 -3.504172e+003
7.035658e+003 -2.164167e+003 -2.079278e+003
7.572977e+003 -9.534284e+002 -5.038792e+002
7.562394e+003 3.265732e+002 1.108331e+003
7.004346e+003 1.583415e+003 2.640914e+003
5.938696e+003 2.726207e+003 3.982992e+003
4.442019e+003 3.672107e+003 5.037214e+003
2.622242e+003 4.352319e+003 5.726822e+003
6.109992e+002 4.717141e+003 6.001304e+003
-1.445822e+003 4.739670e+003 5.840196e+003
-3.398666e+003 4.417887e+003 5.254729e+003
-5.105267e+003 3.774906e+003 4.287145e+003
-6.441152e+003 2.857368e+003 3.007692e+003
-7.308867e+003 1.732050e+003 1.509509e+003
-7.645210e+003 4.809605e+002 -9.822700e+001
-7.425894e+003 -8.047266e+002 -1.698371e+003
-6.667277e+003 -2.031409e+003 -3.174464e+003
-5.425046e+003 -3.109947e+003 -4.419295e+003
-3.789987e+003 -3.962182e+003 -5.342721e+003
-1.881202e+003 -4.526582e+003 -5.878171e+003
1.626801e+002 -4.762632e+003 -5.987355e+003
2.193608e+003 -4.653650e+003 -5.662887e+003
4.064802e+003 -4.207872e+003 -4.928674e+003
5.641247e+003 -3.457763e+003 -3.838068e+003
6.809297e+003 -2.457624e+003 -2.469977e+003
7.484717e+003 -1.279679e+003 -9.231841e+002
7.618662e+003 -8.927516e+000 6.906840e+002
7.201180e+003 1.262900e+003 2.255103e+003
6.261998e+003 2.443873e+003 3.656953e+003
4.868526e+003 3.448444e+003 4.794627e+003
3.121163e+003 4.203619e+003 5.585383e+003
1.146206e+003 4.654297e+003 5.971412e+003
-9.131873e+002 4.767356e+003 5.924161e+003
-2.907363e+003 4.534183e+003 5.446562e+003
-4.691110e+003 3.971415e+003 4.572963e+003
-6.134354e+003 3.119812e+003 3.366718e+003
-7.131804e+003 2.041317e+003 1.915592e+003
-7.610760e+003 8.145079e+002 3.253167e+002
-7.536490e+003 -4.712011e+002 -1.288219e+003
-6.914754e+003 -1.722173e+003 -2.807536e+003
-5.791270e+003 -2.847453e+003 -4.122214e+003
-4.248225e+003 -3.765427e+003 -5.136970e+003
-2.398112e+003 -4.409746e+003 -5.778548e+003
-3.753985e+002 -4.734073e+003 -6.000937e+003
1.673302e+003 -4.715330e+003 -5.788560e+003
3.599845e+003 -4.355247e+003 -5.157248e+003
5.265172e+003 -3.680132e+003 -4.152969e+003
6.549213e+003 -2.738908e+003 -2.848442e+003
7.359390e+003 -1.599576e+003 -1.337897e+003
7.637182e+003 -3.443539e+002 2.696526e+002
7.362300e+003 9.361654e+002 1.858165e+003
6.554199e+003 2.149464e+003 3.312831e+003
5.270804e+003 3.207708e+003 4.528292e+003
3.604500e+003 4.034074e+003 5.416237e+003
1.675631e+003 4.568339e+003 5.911858e+003
-3.760896e+002 4.771337e+003 5.978664e+003
-2.401656e+003 4.627913e+003 5.611283e+003
-4.253641e+003 4.148149e+003 4.836006e+003
-5.797036e+003 3.366723e+003 3.708978e+003
-6.919244e+003 2.340430e+003 2.312148e+003
-7.538434e+003 1.144023e+003 7.472684e+002
-7.609606e+003 -1.352966e+002 -8.716152e+002
-7.127880e+003 -1.404331e+003 -2.426596e+003
-6.128771e+003 -2.570764e+003 -3.804599e+003
-4.685443e+003 -3.549936e+003 -4.905670e+003
-2.903208e+003 -4.271003e+003 -5.650227e+003
-9.116999e+002 -4.682028e+003 -5.984755e+003
1.144632e+003 -4.753643e+003 -5.885554e+003
3.117005e+003 -4.481056e+003 -5.360292e+003
4.862995e+003 -3.884284e+003 -4.447316e+003
6.256689e+003 -3.006631e+003 -3.212804e+003
7.197617e+003 -1.911539e+003 -1.745969e+003
7.617867e+003 -6.780478e+002 -1.526813e+002
7.486917e+003 6.048302e+002 1.452064e+003
6.813862e+003 1.844441e+003 2.952334e+003
5.646868e+003 2.951099e+003 4.239536e+003
4.069861e+003 3.844532e+003 5.220233e+003
2.196643e+003 4.459704e+003 5.822947e+003
1.627967e+002 4.751602e+003 6.003441e+003
-1.884066e+003 4.698616e+003 5.748078e+003
-3.795046e+003 4.304230e+003 5.074967e+003
-5.430882e+003 3.596869e+003 4.032766e+003
-6.672245e+003 2.627897e+003 2.697198e+003
-7.428589e+003 1.467863e+003 1.165523e+003
-7.644869e+003 2.013128e+002 -4.506354e+002
-7.305586e+003 -1.079464e+003 -2.033539e+003
-6.435861e+003 -2.281255e+003 -3.468024e+003
-5.099461e+003 -3.316775e+003 -4.649962e+003
-3.393980e+003 -4.111034e+003 -5.493834e+003
-1.443565e+003 -4.606746e+003 -5.938881e+003
6.102126e+002 -4.768392e+003 -5.953381e+003
2.618667e+003 -4.584673e+003 -5.536793e+003
4.436701e+003 -4.069209e+003 -4.719652e+003
5.933171e+003 -3.259469e+003 -3.561262e+003
7.000202e+003 -2.214028e+003 -2.145384e+003
7.560819e+003 -1.008360e+003 -5.742302e+002
7.574423e+003 2.705338e+002 1.038813e+003
7.039710e+003 1.530318e+003 2.577253e+003
5.994861e+003 2.679895e+003 3.929798e+003
4.514941e+003 3.635941e+003 4.998353e+003
2.706656e+003 4.328937e+003 5.705131e+003
7.007900e+002 4.708256e+003 5.998379e+003
-1.357175e+003 4.745947e+003 5.856273e+003
-3.317615e+003 4.438883e+003 5.288658e+003
-5.037722e+003 3.809104e+003 4.336469e+003
-6.392040e+003 2.902282e+003 3.068823e+003
-7.281769e+003 1.784410e+003 1.577995e+003
-7.642096e+003 5.369488e+002 -2.737804e+001
-7.446977e+003 -7.491887e+002 -1.630320e+003
-6.711003e+003 -1.980362e+003 -3.114158e+003
-5.488212e+003 -3.067096e+003 -4.371109e+003
-3.867985e+003 -3.930626e+003 -5.310138e+003
-1.968357e+003 -4.508595e+003 -5.863532e+003
7.268849e+001 -4.759499e+003 -5.991697e+003
2.107292e+003 -4.665580e+003 -5.685875e+003
3.988392e+003 -4.233988e+003 -4.968628e+003
5.580255e+003 -3.496172e+003 -3.892094e+003
6.768119e+003 -2.505548e+003 -2.534169e+003
7.466325e+003 -1.333660e+003 -9.929109e+002
7.624392e+003 -6.507002e+001 6.204556e+002
7.230634e+003 1.208650e+003 2.189446e+003
6.313069e+003 2.395442e+003 3.600621e+003
4.937540e+003 3.409343e+003 4.751708e+003
3.203141e+003 4.176696e+003 5.559005e+003
1.235215e+003 4.641521e+003 5.963512e+003
-8.236085e+002 4.769674e+003 5.935336e+003
-2.823731e+003 4.551442e+003 5.476020e+003
-4.619518e+003 4.002372e+003 4.618574e+003
-6.080027e+003 3.162219e+003 3.425167e+003
-7.098704e+003 2.092085e+003 1.982624e+003
-7.601295e+003 8.699374e+002 3.960464e+002
-7.551340e+003 -4.151492e+002 -1.218945e+003
-6.952817e+003 -1.669578e+003 -2.744758e+003
-5.849756e+003 -2.802135e+003 -4.070489e+003
-4.322864e+003 -3.730668e+003 -5.100040e+003
-2.483469e+003 -4.388053e+003 -5.759072e+003
-4.652785e+002 -4.727000e+003 -6.000303e+003
1.585406e+003 -4.723370e+003 -5.806792e+003
3.520283e+003 -4.377805e+003 -5.193009e+003
5.199683e+003 -3.715569e+003 -4.203664e+003
6.502516e+003 -2.784660e+003 -2.910405e+003
7.334855e+003 -1.652339e+003 -1.406655e+003
7.636586e+003 -4.003220e+002 1.990611e+002
7.385700e+003 8.810334e+002 1.790838e+003
6.599924e+003 2.099155e+003 3.253639e+003
5.335570e+003 3.165868e+003 4.481527e+003
3.683637e+003 4.003745e+003 5.385305e+003
1.763414e+003 4.551738e+003 5.899023e+003
-2.860252e+002 4.769687e+003 5.984882e+003
-2.315859e+003 4.641351e+003 5.636124e+003
-4.178362e+003 4.175710e+003 4.877678e+003
-5.737765e+003 3.406409e+003 3.764455e+003
-6.880306e+003 2.389353e+003 2.377392e+003
-7.522665e+003 1.198617e+003 8.175262e+002
-7.618146e+003 -7.901000e+001 -8.014640e+002
-7.160090e+003 -1.350451e+003 -2.361658e+003
-6.182286e+003 -2.523205e+003 -3.749591e+003
-4.756351e+003 -3.512146e+003 -4.864576e+003
