4.363692704276e+003 -3.351771972413e+003 5.321863525261e+003
4.687230824010e+003 -1.477551272736e+003 5.871196847683e+003
4.739572550414e+003 4.981421153990e+002 5.994736977044e+003
4.517755135647e+003 2.441959317500e+003 5.682986909213e+003
4.034094318649e+003 4.222377820110e+003 4.958172288251e+003
3.315592015764e+003 5.718816199868e+003 3.872739270283e+003
2.402542557451e+003 6.830041200469e+003 2.505585247868e+003
1.346395046883e+003 7.481235315601e+003 9.562857297854e+002
2.069773117061e+002 7.629187293043e+003 -6.622493446609e+002
-9.507717999704e+002 7.265215014167e+003 -2.232122154416e+003
-2.060382071966e+003 6.415613231108e+003 -3.639145633047e+003
-3.057544378065e+003 5.139619214217e+003 -4.781220751444e+003
-3.883712501083e+003 3.525084475714e+003 -5.575757496689e+003
-4.489418896571e+003 1.682210764862e+003 -5.965596936747e+003
-4.837129091653e+003 -2.641611896431e+002 -5.923024520253e+003
-4.903487281494e+003 -2.183139910174e+003 -5.451621397254e+003
-4.680836954953e+003 -3.946644429295e+003 -4.585864610945e+003
-4.177933948695e+003 -5.437945098434e+003 -3.388544726735e+003
-3.419802248825e+003 -6.559337363321e+003 -1.946211144383e+003
-2.446715942297e+003 -7.238474969448e+003 -3.629754780292e+002
-1.312325165865e+003 -7.432981900280e+003 1.246900314601e+003
-8.097996551456e+001 -7.133069200366e+003 2.767132609872e+003
1.175653129359e+003 -6.361999512981e+003 4.087716631772e+003
2.382542729943e+003 -5.174367924308e+003 5.112834385244e+003
3.465627957736e+003 -3.652299390769e+003 5.767816506161e+003
4.356307830250e+003 -1.899797001526e+003 6.004649807108e+003
4.995819432199e+003 -3.560436153874e+001 5.805605159652e+003
5.339216651320e+003 1.814940200698e+003 5.184681214048e+003
5.358660142045e+003 3.528492270280e+003 4.186714091938e+003
5.045753085966e+003 4.992119790383e+003 2.884181656729e+003
4.412707996335e+003 6.110938784586e+003 1.371917846141e+003
3.492205554844e+003 6.814408322803e+003 -2.398713290520e+002
2.335899423558e+003 7.060832924659e+003 -1.833753079795e+003
1.011623223304e+003 6.839767344266e+003 -3.293739728479e+003
-4.005444268409e+002 6.172191594447e+003 -4.513813649067e+003
-1.813114900892e+003 5.108503201730e+003 -5.405654648190e+003
-3.136616368880e+003 3.724539206716e+003 -5.904998562219e+003
-4.285264100279e+003 2.115977553920e+003 -5.976179586183e+003
-5.182512635866e+003 3.915647459041e+002 -5.614560900099e+003
-5.766137741177e+003 -1.334328626662e+003 -4.846721756579e+003
-5.992526939592e+003 -2.949310029552e+003 -3.728429677768e+003
-5.839902451708e+003 -4.350231797318e+003 -2.340572963344e+003
-5.310257704971e+003 -5.449678122068e+003 -7.833547968893e+002
-4.429854213180e+003 -6.181296058183e+003 8.308471433693e+002
-3.248199571847e+003 -6.503674585425e+003 2.385473457975e+003
-1.835509091548e+003 -6.402565434998e+003 3.768092842184e+003
-2.787416786103e+002 -5.891336035706e+003 4.878466829448e+003
1.323605160668e+003 -5.009646036540e+003 5.635809961400e+003
2.867661796779e+003 -3.820444197272e+003 5.984721823065e+003
4.250947622585e+003 -2.405487453036e+003 5.899340249216e+003
5.379287779058e+003 -8.596828117728e+002 5.385376145607e+003
6.173401876934e+003 7.153620018446e+002 4.479836910509e+003
6.574673363964e+003 2.218132416298e+003 3.248418976004e+003
6.549643218805e+003 3.553868954469e+003 1.780736415122e+003
6.092851665531e+003 4.640631258789e+003 1.837334397757e+002
5.227770480359e+003 5.414347691790e+003 -1.426216117561e+003
4.005715835311e+003 5.832520564609e+003 -2.931907764286e+003
2.502790599891e+003 5.876371667045e+003 -4.223934353141e+003
8.150597728735e+002 5.551340787432e+003 -5.208680743344e+003
-9.477035555082e+002 4.885978731716e+003 -5.815088318447e+003
-2.669263945039e+003 3.929391667789e+003 -5.999706173835e+003
-4.234660951421e+003 2.747484631064e+003 -5.749692093478e+003
-5.537916080759e+003 1.418314391100e+003 -5.083588560307e+003
-6.489201758414e+003 2.689330743845e+001 -4.049861558243e+003
-7.021008071149e+003 -1.340209762979e+003 -2.723340911042e+003
-7.092909944295e+003 -2.600142616705e+003 -1.199832739315e+003
-6.694621059225e+003 -3.678621676648e+003 4.107164971916e+002
-5.847117437451e+003 -4.514110094749e+003 1.992040287784e+003
-4.601721604210e+003 -5.061118118124e+003 3.429832769859e+003
-3.037155063470e+003 -5.292475078085e+003 4.619932019381e+003
-1.254692359681e+003 -5.200476748199e+003 5.475842703790e+003
6.283221876334e+002 -4.796871098884e+003 5.935061721318e+003
2.486208667260e+003 -4.111705805701e+003 5.963733425732e+003
4.193439479333e+003 -3.191123796416e+003 5.559262263238e+003
5.633300283898e+003 -2.094254309865e+003 4.750648525415e+003
6.706098928884e+003 -8.894023680992e+002 3.596480554050e+003
7.336304097261e+003 3.502156440363e+002 2.180701436985e+003
7.478058098466e+003 1.550915300390e+003 6.064524874959e+002
7.118624332256e+003 2.642883967123e+003 -1.011540356727e+003
6.279490582712e+003 3.564150074267e+003 -2.555446664040e+003
5.015036863441e+003 4.263952135057e+003 -3.913017174010e+003
3.408871040091e+003 4.705330741938e+003 -4.985804855545e+003
1.568116063019e+003 4.866830672095e+003 -5.696302279725e+003
-3.839191714973e+002 4.743267034259e+003 -5.993478650987e+003
-2.316147287947e+003 4.345570342684e+003 -5.856339238712e+003
-4.098593664383e+003 3.699777522000e+003 -5.295289541069e+003
-5.611165532209e+003 2.845273647914e+003 -4.351250240914e+003
-6.751722451756e+003 1.832414335822e+003 -3.092623917803e+003
-7.442933181866e+003 7.196712112796e+002 -1.610351815883e+003
-7.637488455190e+003 -4.295525391921e+002 -1.141403973428e+001
-7.321341522565e+003 -1.550289743744e+003 1.588782447872e+003
-6.514763649141e+003 -2.579416025999e+003 3.074617286104e+003
-5.271127564860e+003 -3.458953252311e+003 4.338520042513e+003
-3.673466889865e+003 -4.139128537607e+003 5.288718644117e+003
-1.828999730338e+003 -4.581050387694e+003 5.855926190201e+003
1.380549872517e+002 -4.758868177048e+003 5.998472663025e+003
2.094908830324e+003 -4.661292949273e+003 5.705479269716e+003
3.909314524448e+003 -4.292378014293e+003 4.997801894819e+003
5.458713149465e+003 -3.671488499419e+003 3.926631004498e+003
6.638750114579e+003 -2.832430160152e+003 2.569817117526e+003
7.370522627318e+003 -1.821756546632e+003 1.026177208958e+003
7.606011006411e+003 -6.963264671735e+002 -5.917914826188e+002
7.331288218768e+003 4.797662478623e+002 -2.166227429695e+003
6.567281706512e+003 1.638724868435e+003 -3.582602198372e+003
5.368060362734e+003 2.712846409712e+003 -4.738125485647e+003
3.816814692884e+003 3.638369252109e+003 -5.549219979808e+003
2.019869823113e+003 4.359155784291e+003 -5.957518448146e+003
9.920417541403e+001 4.830006159808e+003 -5.933966786496e+003
-1.815967958205e+003 5.019422001104e+003 -5.480772714416e+003
-3.597954255916e+003 4.911667924785e+003 -4.631103853653e+003
-5.129093687526e+003 4.508012752412e+003 -3.446597154821e+003
-6.309471931719e+003 3.827067774016e+003 -2.012884159301e+003
-7.063367525488e+003 2.904176583604e+003 -4.334577283843e+002
-7.344043374211e+003 1.789850643010e+003 1.177696771597e+003
-7.136602383099e+003 5.472865427142e+002 2.704209996807e+003
-6.458739552523e+003 -7.509511356894e+002 4.035633378835e+003
-5.359345856634e+003 -2.026947367104e+003 5.075375930059e+003
-3.915047516469e+003 -3.201966311274e+003 5.747718434073e+003
-2.224895728003e+003 -4.201252790786e+003 6.003394056975e+003
-4.035489132211e+002 -4.958821432395e+003 5.823305600978e+003
1.426596652108e+003 -5.421919102826e+003 5.220068873204e+003
3.143783187257e+003 -5.554838988809e+003 4.237224968105e+003
4.635179204750e+003 -5.341784522159e+003 2.946141977111e+003
5.804478614279e+003 -4.788530683404e+003 1.440813533979e+003
6.578258746634e+003 -3.922707874618e+003 -1.690613840603e+002
6.910643572601e+003 -2.792631744366e+003 -1.766185814329e+003
6.785957514485e+003 -1.464712630150e+003 -3.234327714432e+003
6.219221394983e+003 -1.958808518193e+001 -4.466865268098e+003
5.254516062858e+003 1.452781252822e+003 -5.374561737229e+003
3.961401539838e+003 2.858734870575e+003 -5.891994139649e+003
2.429715589109e+003 4.106888944523e+003 -5.982182155231e+003
7.631736860372e+002 5.114079151215e+003 -5.639114833315e+003
-9.277506213937e+002 5.810888925262e+003 -4.888036097944e+003
-2.533169732823e+003 6.146411093327e+003 -3.783510924557e+003
-3.950872660681e+003 6.091936484086e+003 -2.405441389518e+003
-5.092728759285e+003 5.643322636232e+003 -8.533288561863e+002
-5.890034709839e+003 4.821864791143e+003 7.608177676584e+002
-6.297510327808e+003 3.673569424680e+003 2.320448486574e+003
-6.295733252677e+003 2.266817026330e+003 3.712779833039e+003
-5.891893763818e+003 6.884940392733e+002 4.836882108113e+003
-5.118846279152e+003 -9.612263647771e+002 5.610985966656e+003
-4.032533721762e+003 -2.575174468329e+003 5.978482468466e+003
-2.707960776420e+003 -4.046171244710e+003 5.912161920923e+003
-1.233987156905e+003 -5.274259614882e+003 5.416346329930e+003
2.927051366810e+002 -6.173676582097e+003 4.526715405617e+003
1.774054658786e+003 -6.679049188775e+003 3.307798681081e+003
3.117024853484e+003 -6.750329112884e+003 1.848292527656e+003
4.239525246186e+003 -6.376058904948e+003 2.545423898977e+002
5.075445845324e+003 -5.574682866838e+003 -1.357312645301e+003
5.578477647800e+003 -4.393766672746e+003 -2.869922121732e+003
5.724496491004e+003 -2.907154911362e+003 -4.173365041264e+003
5.512406028031e+003 -1.210258131829e+003 -5.173185275888e+003
4.963456741770e+003 5.861968936450e+002 -5.797220803756e+003
4.119168009197e+003 2.363511496394e+003 -6.000737821542e+003
3.038068580364e+003 4.002942543856e+003 -5.769526017998e+003
1.791533071607e+003 5.393674283837e+003 -5.120773069686e+003
4.590254821723e+002 6.440306955416e+003 -4.101699195418e+003
-8.769313208475e+002 7.069376333663e+003 -2.786084286082e+003
-2.135753703515e+003 7.234485250855e+003 -1.268952901543e+003
-3.243484942625e+003 6.919712856252e+003 3.402076469956e+002
-4.136930489701e+003 6.141065921336e+003 1.925235224098e+003
-4.767042376889e+003 4.945846305883e+003 3.371564969447e+003
-5.101399143395e+003 3.409928436543e+003 4.574428658550e+003
-5.125675810037e+003 1.633068482137e+003 5.446417688663e+003
-4.844049544743e+003 -2.675019369241e+002 5.923871413465e+003
-4.278539722729e+003 -2.164815788142e+003 5.971613884774e+003
-3.467337440874e+003 -3.930747594792e+003 5.585661618012e+003
-2.462235890988e+003 -5.444842196829e+003 4.793661377959e+003
-1.325326014614e+003 -6.602760650963e+003 3.652983538872e+003
-1.251674409175e+002 -7.323710435968e+003 2.246580868474e+003
1.067323744416e+003 -7.556285647060e+003 6.769072682178e+002
2.183013956928e+003 -7.282256093093e+003 -9.416438471336e+002
3.158466495007e+003 -6.518003797313e+003 -2.491195364911e+003
3.939405917515e+003 -5.313493908174e+003 -3.859077308565e+003
4.483547479561e+003 -3.748864625373e+003 -4.946081653797e+003
4.762660815623e+003 -1.928905212358e+003 -5.673658661017e+003
4.763793841754e+003 2.415472350704e+001 -5.989532709852e+003
4.489638878488e+003 1.979010611207e+003 -5.871353750986e+003
3.958071656198e+003 3.804207067976e+003 -5.328159549653e+003
3.200931587759e+003 5.377009566359e+003 -4.399587741332e+003
2.262138908498e+003 6.591638646621e+003 -3.152932223620e+003
1.195260712387e+003 7.366341159213e+003 -1.678276634882e+003
6.064756816289e+001 7.648856212279e+003 -8.205376702810e+001
-1.077731811476e+003 7.419935033690e+003 1.520528173365e+003
-2.155626610764e+003 6.694688741034e+003 3.013684088775e+003
-3.111873623862e+003 5.521663272703e+003 4.289324933759e+003
-3.891657273715e+003 3.979675290237e+003 5.254840268274e+003
-4.449511217754e+003 2.172582719430e+003 5.839842204472e+003
-4.751908819759e+003 2.223044813892e+002 6.001374159531e+003
-4.779294277145e+003 -1.739464539671e+003 5.727177366136e+003
-4.527419082278e+003 -3.580285557988e+003 5.036735273190e+003
-4.007874911148e+003 -5.176119924512e+003 3.979975621130e+003
-3.247752822012e+003 -6.419920216822e+003 2.633691148072e+003
-2.288408780550e+003 -7.229028610711e+003 1.095926334785e+003
-1.183373242230e+003 -7.550826718857e+003 -5.212502155050e+002
4.499243320034e+000 -7.366217952971e+003 -2.100029933595e+003
1.206490020044e+003 -6.690699021154e+003 -3.525559120515e+003
2.351892009640e+003 -5.572973430909e+003 -4.694370516451e+003
3.372079114655e+003 -4.091254349548e+003 -5.521910993674e+003
4.204534368985e+003 -2.347576721900e+003 -5.948612870943e+003
4.796605575395e+003 -4.605740627074e+002 -5.944086216027e+003
5.108774455522e+003 1.442735967138e+003 -5.509164733084e+003
5.117251811041e+003 3.235571990459e+003 -4.675701848398e+003
4.815745301492e+003 4.799833143997e+003 -3.504172327395e+003
4.216284139632e+003 6.033825060742e+003 -2.079278109996e+003
3.349026382567e+003 6.858791920276e+003 -5.038791979776e+002
2.261018304382e+003 7.223866526739e+003 1.108331156122e+003
1.013923860572e+003 7.109150437235e+003 2.640913787558e+003
-3.192043697665e+002 6.526747192076e+003 3.982991532950e+003
-1.657984083828e+003 5.519690885314e+003 5.037213846368e+003
-2.919401851400e+003 4.158837167978e+003 5.726822351516e+003
-4.022901682877e+003 2.537911999977e+003 6.001303694254e+003
-4.895562162690e+003 7.670380622095e+002 5.840195570895e+003
-5.477023211604e+003 -1.034828630908e+003 5.254729442857e+003
-5.723809993250e+003 -2.748029858762e+003 4.287145446295e+003
-5.612717000640e+003 -4.260328281515e+003 3.007691937419e+003
-5.142962924695e+003 -5.474437139575e+003 1.509508987214e+003
-4.336905965525e+003 -6.314412191515e+003 -9.822699545782e+001
-3.239211948290e+003 -6.730452451364e+003 -1.698371473339e+003
-1.914485877988e+003 -6.701786964171e+003 -3.174464411096e+003
-4.434959377300e+002 -6.237484331011e+003 -4.419294694928e+003
1.081772383202e+003 -5.375188970321e+003 -5.342721352384e+003
2.563907724794e+003 -4.177947175921e+003 -5.878171442687e+003
3.906327819956e+003 -2.729420110265e+003 -5.987354962456e+003
5.019587772126e+003 -1.127879346647e+003 -5.662887370091e+003
5.827333243706e+003 5.205604066130e+002 -4.928673552520e+003
6.271516931426e+003 2.108997295728e+003 -3.838068307020e+003
6.316542561339e+003 3.536626459678e+003 -2.469976500025e+003
5.952062044505e+003 4.715031443252e+003 -9.231840980893e+002
5.194223618816e+003 5.573521048289e+003 6.906840118175e+002
4.085250681101e+003 6.063220117801e+003 2.255103142567e+003
2.691321839155e+003 6.159701820569e+003 3.656953148538e+003
1.098820552108e+003 5.864034511814e+003 4.794627091609e+003
-5.908718741877e+002 5.202205252526e+003 5.585383234670e+003
-2.267761004160e+003 4.222976079088e+003 5.971412236983e+003
-3.820421758881e+003 2.994322894389e+003 5.924160970247e+003
-5.143514315674e+003 1.598697964632e+003 5.446562213935e+003
-6.145112311246e+003 1.274372625290e+002 4.572963190684e+003
-6.753303040664e+003 -1.325304022072e+003 3.366717565435e+003
-6.921547144165e+003 -2.668668693973e+003 1.915591520658e+003
-6.632361484647e+003 -3.820846308629e+003 3.253166816431e+002
-5.899009344537e+003 -4.714064776267e+003 -1.288219055072e+003
-4.765036215005e+003 -5.298502494004e+003 -2.807535825165e+003
-3.301659940720e+003 -5.544892422579e+003 -4.122214172397e+003
-1.603193425559e+003 -5.445698097880e+003 -5.136970060119e+003
2.191718341934e+002 -5.014854460087e+003 -5.778547889398e+003
2.044776814026e+003 -4.286170685244e+003 -6.000936879322e+003
3.751579911125e+003 -3.310577387066e+003 -5.788560290940e+003
5.224362477785e+003 -2.152462266405e+003 -5.157248373727e+003
6.362509195322e+003 -8.853732729316e+002 -4.152968927764e+003
7.086857370155e+003 4.126199472053e+002 -2.848441733248e+003
7.345176104743e+003 1.663624301848e+003 -1.337896805422e+003
7.115921360891e+003 2.794421137918e+003 2.696526016977e+002
6.410013175576e+003 3.740534568814e+003 1.858164563871e+003
5.270492783496e+003 4.449677625911e+003 3.312830921683e+003
3.770039157943e+003 4.884421512548e+003 4.528291633444e+003
2.006454580470e+003 5.023973842178e+003 5.416237063703e+003
9.636267017956e+001 4.864995110366e+003 5.911858099222e+003
-1.832505661120e+003 4.421428060902e+003 5.978663683322e+003
-3.649943865961e+003 3.723364121358e+003 5.611283246209e+003
-5.232231726470e+003 2.815022226182e+003 4.836006378918e+003
-6.470785837744e+003 1.751965537799e+003 3.708977557706e+003
-7.279853603748e+003 5.977275264385e+002 2.312147579985e+003
-7.602659829174e+003 -5.799459059703e+002 7.472684467552e+002
-7.415524810044e+003 -1.713008897772e+003 -8.716151527375e+002
-6.729630795320e+003 -2.736949690430e+003 -2.426596076639e+003
-5.590302343100e+003 -3.594326005924e+003 -3.804599446224e+003
-4.073865825180e+003 -4.237811080633e+003 -4.905670026727e+003
-2.282341509237e+003 -4.632602112101e+003 -5.650226519685e+003
-3.363804235043e+002 -4.758090710170e+003 -5.984755466682e+003
1.633025804598e+003 -4.608744564221e+003 -5.885554292764e+003
3.493467276686e+003 -4.194194843869e+003 -5.360291514920e+003
5.120055960971e+003 -3.538560996427e+003 -4.447316080325e+003
6.403792299168e+003 -2.679073671233e+003 -3.212803884727e+003
7.258824084075e+003 -1.664076645088e+003 -1.745968629765e+003
7.628144980238e+003 -5.505032380324e+002 -1.526812959212e+002
7.487380422001e+003 5.990655750172e+002 1.452064361245e+003
6.846422473018e+003 1.719643995431e+003 2.952334346378e+003
5.748799568316e+003 2.747254281971e+003 4.239535903825e+003
4.268800596914e+003 3.622366004701e+003 5.220233144027e+003
2.506512062738e+003 4.293203019863e+003 5.822947172894e+003
5.810675094993e+002 4.718748424644e+003 6.003441105830e+003
-1.377459429183e+003 4.871273684003e+003 5.748078208756e+003
-3.236973622800e+003 4.738224169325e+003 5.074967014611e+003
-4.872463495761e+003 4.323314577411e+003 4.032765684917e+003
-6.174633061669e+003 3.646724035482e+003 2.697198424303e+003
-7.057421179319e+003 2.744331622938e+003 1.165523371003e+003
-7.463846291129e+003 1.665995145862e+003 -4.506353807982e+002
-7.369746128314e+003 4.729419650519e+002 -2.033538880144e+003
-6.785152634352e+003 -7.655946342620e+002 -3.468024316342e+003
-5.753235325323e+003 -1.976304772813e+003 -4.649961891224e+003
-4.346939326800e+003 -3.086068303911e+003 -5.493834286141e+003
-2.663617114570e+003 -4.026305737985e+003 -5.938881394505e+003
-8.180903357647e+002 -4.737156510600e+003 -5.953381366911e+003
1.065330408675e+003 -5.171238880513e+003 -5.536793494837e+003
2.861294973099e+003 -5.296769254371e+003 -4.719652411509e+003
4.451759469216e+003 -5.099852755183e+003 -3.561262280914e+003
5.733691217334e+003 -4.585796404029e+003 -2.145383821159e+003
6.625659239112e+003 -3.779341346295e+003 -5.742301520303e+002
7.072920564494e+003 -2.723759081754e+003 1.038813069547e+003
7.050709342372e+003 -1.478810642953e+003 2.577252763173e+003
6.565543118771e+003 -1.176270992705e+002 3.929798421047e+003
5.654476036523e+003 1.277366381656e+003 4.998353471376e+003
4.382349607410e+003 2.619292209355e+003 5.705131208576e+003
2.837216262009e+003 3.822170046664e+003 5.998379054464e+003
1.124232580335e+003 4.806457492035e+003 5.856272753196e+003
-6.415699136177e+002 5.504419947737e+003 5.288658114564e+003
-2.343138700439e+003 5.864947955625e+003 4.336468572878e+003
-3.869325195567e+003 5.857451167135e+003 3.068822948758e+003
-5.122312106325e+003 5.474503703063e+003 1.577994615898e+003
-6.024009829438e+003 4.732995184393e+003 -2.737804499590e+001
-6.520970198388e+003 3.673648968393e+003 -1.630319501484e+003
-6.587488990908e+003 2.358893868977e+003 -3.114158133879e+003
-6.226719689850e+003 8.692033434828e+002 -4.371108512532e+003
-5.469781817435e+003 -7.018650854887e+002 -5.310137873748e+003
-4.373001656627e+003 -2.253600610426e+003 -5.863532342924e+003
-3.013554980115e+003 -3.684643822243e+003 -5.991697248880e+003
-1.483879697241e+003 -4.899633771583e+003 -5.685875187336e+003
1.147129586337e+002 -5.815562994414e+003 -4.968628480034e+003
1.678777545026e+003 -6.367430636562e+003 -3.892094275563e+003
3.109382281946e+003 -6.512829542102e+003 -2.534169375497e+003
4.318259262173e+003 -6.235166155665e+003 -9.929108678236e+002
5.233104872713e+003 -5.545286972707e+003 6.204555793317e+002
5.801742880769e+003 -4.481370994002e+003 2.189446485118e+003
5.994937096674e+003 -3.107041773157e+003 3.600620551380e+003
5.807718775858e+003 -1.507755799293e+003 4.751707680831e+003
5.259177558411e+003 2.143666131823e+002 5.559005367623e+003
4.390751925553e+003 1.946990942924e+003 5.963512157822e+003
3.263143115158e+003 3.574915023112e+003 5.935335765390e+003
1.952062751656e+003 4.987838506663e+003 5.476019613250e+003
5.431018386887e+002 6.088018451837e+003 4.618573828635e+003
-8.739295001865e+002 6.797249580373e+003 3.425167409915e+003
-2.210803629360e+003 7.062631266309e+003 1.982623999071e+003
-3.386422602760e+003 6.860657114969e+003 3.960464389065e+002
-4.331739266905e+003 6.199283246006e+003 -1.218944974771e+003
-4.993736680993e+003 5.117787886089e+003 -2.744757547240e+003
-5.338233101656e+003 3.684410068449e+003 -4.070488832925e+003
-5.351377955203e+003 1.991931072057e+003 -5.100040087467e+003
-5.039808332426e+003 1.515197302307e+002 -5.759072120855e+003
-4.429533496934e+003 -1.714713573231e+003 -6.000303275723e+003
-3.563696388954e+003 -3.481926149852e+003 -5.806792241455e+003
-2.499421880334e+003 -5.030950258675e+003 -5.193009403480e+003
-1.303997899894e+003 -6.256335954579e+003 -4.203663656563e+003
-5.065043357526e+001 -7.073505678843e+003 -2.910404632527e+003
1.185830810211e+003 -7.424562575998e+003 -1.406654923172e+003
2.333375852686e+003 -7.282380071189e+003 1.990611194686e+002
3.326611588823e+003 -6.652701502934e+003 1.790837599738e+003
4.110347171977e+003 -5.574091543466e+003 3.253638786330e+003
4.642412951572e+003 -4.115704458465e+003 4.481527378721e+003
4.895731249573e+003 -2.372966179349e+003 5.385305064389e+003
4.859532747260e+003 -4.614031792842e+002 5.899023495435e+003
4.539669828564e+003 1.491014138758e+003 5.984881881400e+003
3.958020648978e+003 3.352523367696e+003 5.636123608047e+003
3.151023222679e+003 4.996630222396e+003 4.877677639994e+003
2.167426059841e+003 6.310930164488e+003 3.764454802659e+003
1.065387197411e+003 7.205037210851e+003 2.377392418949e+003
-9.090718652479e+001 7.617014213623e+003 8.175262025957e+002
-1.234904431319e+003 7.517805508822e+003 -8.014640362542e+002
-2.301413489215e+003 6.913328191159e+003 -2.361657785921e+003
-3.230186849259e+003 5.844066435734e+003 -3.749591141966e+003
-3.969161106373e+003 4.382214340271e+003 -4.864575553088e+003
