3.499305e-020 -1.125396e-003 4.817500e-021
-8.850345e-006 -1.010432e-003 3.758877e-006
-7.607923e-006 -1.010567e-003 3.609646e-006
-6.452742e-006 -1.009117e-003 3.143751e-006
-5.464732e-006 -1.006093e-003 2.403954e-006
-4.709636e-006 -1.001690e-003 1.457239e-006
-4.245093e-006 -9.962100e-004 3.634067e-007
-4.004725e-006 -9.911529e-004 -6.588021e-007
-4.255511e-006 -9.830195e-004 -1.940081e-006
-4.834126e-006 -9.771571e-004 -3.000033e-006
-5.651357e-006 -9.715925e-004 -3.884037e-006
-6.699507e-006 -9.671524e-004 -4.527074e-006
-7.900771e-006 -9.641658e-004 -4.877295e-006
-9.163057e-006 -9.628680e-004 -4.896733e-006
-1.037470e-005 -9.634085e-004 -4.569629e-006
-1.140993e-005 -9.656457e-004 -3.930012e-006
-1.214850e-005 -9.684145e-004 -3.012305e-006
-1.256805e-005 -9.737852e-004 -2.069420e-006
-1.271150e-005 -9.792209e-004 -1.095711e-006
-1.290891e-005 -9.854197e-004 -1.094082e-007
-1.289037e-005 -9.916343e-004 9.290666e-007
-1.258538e-005 -9.974785e-004 1.980276e-006
-1.175184e-005 -1.002867e-003 2.819272e-006
-1.071403e-005 -1.007158e-003 3.426923e-006
-9.513816e-006 -1.009787e-003 3.737306e-006
-8.273854e-006 -1.010842e-003 3.741008e-006
-7.049068e-006 -1.010227e-003 3.454517e-006
-5.895772e-006 -1.007901e-003 2.898952e-006
-4.871869e-006 -1.003932e-003 2.071722e-006
-4.057295e-006 -9.985348e-004 9.765024e-007
-3.616164e-006 -9.921365e-004 -3.489193e-007
-3.932361e-006 -9.855157e-004 -1.649813e-006
-4.656035e-006 -9.787802e-004 -2.729196e-006
-5.409041e-006 -9.730817e-004 -3.665512e-006
-6.402750e-006 -9.682611e-004 -4.375723e-006
-7.571824e-006 -9.648017e-004 -4.807763e-006
-8.827889e-006 -9.629855e-004 -4.921195e-006
-1.006505e-005 -9.630204e-004 -4.689367e-006
-1.115919e-005 -9.648595e-004 -4.131186e-006
-1.199365e-005 -9.681927e-004 -3.313809e-006
-1.249477e-005 -9.726748e-004 -2.346032e-006
-1.263767e-005 -9.789008e-004 -1.300165e-006
-1.287751e-005 -9.838418e-004 -3.729005e-007
-1.291752e-005 -9.900469e-004 6.565138e-007
-1.272647e-005 -9.959364e-004 1.718656e-006
-1.199726e-005 -1.001471e-003 2.621934e-006
-1.099824e-005 -1.006013e-003 3.285447e-006
-9.840056e-006 -1.009178e-003 3.674022e-006
-8.604519e-006 -1.010748e-003 3.758867e-006
-7.377952e-006 -1.010659e-003 3.543960e-006
-6.192038e-006 -1.008729e-003 3.075765e-006
-5.127755e-006 -1.005140e-003 2.322308e-006
-4.249505e-006 -1.000041e-003 1.296475e-006
-3.654936e-006 -9.936846e-004 3.048053e-008
-3.807741e-006 -9.871811e-004 -1.318674e-006
-4.457663e-006 -9.804991e-004 -2.478529e-006
-5.184842e-006 -9.747650e-004 -3.439188e-006
-6.118515e-006 -9.695579e-004 -4.208071e-006
-7.249073e-006 -9.656637e-004 -4.714957e-006
-8.491475e-006 -9.633218e-004 -4.915672e-006
-9.745265e-006 -9.627916e-004 -4.778098e-006
-1.088985e-005 -9.641451e-004 -4.306543e-006
-1.180267e-005 -9.671210e-004 -3.553359e-006
-1.239645e-005 -9.713690e-004 -2.616715e-006
-1.263812e-005 -9.765015e-004 -1.618435e-006
-1.282890e-005 -9.821564e-004 -6.795075e-007
-1.292844e-005 -9.884931e-004 3.823341e-007
-1.280132e-005 -9.945142e-004 1.438349e-006
-1.222644e-005 -1.000125e-003 2.410694e-006
-1.128212e-005 -1.004930e-003 3.140129e-006
-1.015853e-005 -1.008448e-003 3.603344e-006
-8.935326e-006 -1.010437e-003 3.766651e-006
-7.693583e-006 -1.010803e-003 3.628928e-006
-6.495908e-006 -1.009474e-003 3.218902e-006
-5.394732e-006 -1.006409e-003 2.542221e-006
-4.455483e-006 -1.001531e-003 1.599538e-006
-3.775274e-006 -9.955564e-004 3.886235e-007
-3.704917e-006 -9.889261e-004 -9.663385e-007
-4.238022e-006 -9.821773e-004 -2.192268e-006
-4.978702e-006 -9.759140e-004 -3.206741e-006
-5.848405e-006 -9.706296e-004 -4.045924e-006
-6.983107e-006 -9.664764e-004 -4.624739e-006
-8.156040e-006 -9.638527e-004 -4.891821e-006
-9.417814e-006 -9.627825e-004 -4.841840e-006
-1.060389e-005 -9.635887e-004 -4.453966e-006
-1.158881e-005 -9.661051e-004 -3.768832e-006
-1.227294e-005 -9.700144e-004 -2.872934e-006
-1.260825e-005 -9.749489e-004 -1.882993e-006
-1.276798e-005 -9.806869e-004 -9.108485e-007
-1.292317e-005 -9.869655e-004 9.565841e-008
-1.285818e-005 -9.928778e-004 1.155637e-006
-1.243810e-005 -9.987893e-004 2.181036e-006
-1.155335e-005 -1.003848e-003 2.975764e-006
-1.047000e-005 -1.007690e-003 3.514511e-006
-9.264970e-006 -1.010054e-003 3.758161e-006
-8.021128e-006 -1.010827e-003 3.694664e-006
-6.806735e-006 -1.009958e-003 3.351374e-006
-5.674341e-006 -1.007373e-003 2.743223e-006
-4.685451e-006 -1.003148e-003 1.865938e-006
-3.805052e-006 -9.969171e-004 9.215059e-007
-3.641040e-006 -9.907239e-004 -6.123621e-007
-4.053350e-006 -9.840401e-004 -1.882920e-006
-4.792556e-006 -9.774892e-004 -2.940450e-006
-5.593427e-006 -9.718811e-004 -3.838533e-006
-6.629340e-006 -9.673838e-004 -4.498157e-006
-7.823667e-006 -9.643192e-004 -4.866595e-006
-9.094397e-006 -9.626319e-004 -4.890315e-006
-1.030352e-005 -9.632408e-004 -4.584422e-006
-1.135326e-005 -9.652839e-004 -3.968237e-006
-1.212416e-005 -9.687951e-004 -3.117174e-006
-1.255352e-005 -9.734486e-004 -2.142455e-006
-1.269187e-005 -9.789118e-004 -1.166454e-006
-1.290270e-005 -9.851751e-004 -1.789052e-007
-1.289816e-005 -9.914251e-004 8.627943e-007
-1.262357e-005 -9.970752e-004 1.924240e-006
-1.181054e-005 -1.002714e-003 2.787839e-006
-1.077279e-005 -1.006891e-003 3.402267e-006
-9.591978e-006 -1.009628e-003 3.729185e-006
-8.350829e-006 -1.010778e-003 3.746061e-006
-7.123246e-006 -1.010312e-003 3.472536e-006
-5.963936e-006 -1.008157e-003 2.932167e-006
-4.929817e-006 -1.004348e-003 2.123345e-006
-4.099268e-006 -9.990705e-004 1.048027e-006
-3.612256e-006 -9.927348e-004 -2.673521e-007
-3.899019e-006 -9.857634e-004 -1.572758e-006
-4.614832e-006 -9.793111e-004 -2.660005e-006
-5.355074e-006 -9.733610e-004 -3.615129e-006
-6.335366e-006 -9.684802e-004 -4.342070e-006
-7.496014e-006 -9.649499e-004 -4.792909e-006
-8.749534e-006 -9.630475e-004 -4.926300e-006
-9.991331e-006 -9.629780e-004 -4.714125e-006
-1.109797e-005 -9.647120e-004 -4.172852e-006
-1.195371e-005 -9.676568e-004 -3.345793e-006
-1.247403e-005 -9.721042e-004 -2.398879e-006
-1.264499e-005 -9.772979e-004 -1.411873e-006
-1.286712e-005 -9.833959e-004 -4.444191e-007
-1.292137e-005 -9.896936e-004 5.813020e-007
-1.274539e-005 -9.956884e-004 1.645118e-006
-1.207169e-005 -1.001598e-003 2.658805e-006
-1.106523e-005 -1.005851e-003 3.262279e-006
-9.914782e-006 -1.009103e-003 3.671065e-006
-8.681595e-006 -1.010672e-003 3.773782e-006
-7.444467e-006 -1.010608e-003 3.576813e-006
-6.262099e-006 -1.008856e-003 3.108058e-006
-5.188213e-006 -1.005425e-003 2.369771e-006
-4.294633e-006 -1.000479e-003 1.361259e-006
-3.678315e-006 -9.943161e-004 1.010803e-007
-3.776664e-006 -9.877521e-004 -1.239179e-006
-4.399086e-006 -9.809163e-004 -2.423353e-006
-5.135953e-006 -9.749897e-004 -3.381148e-006
-6.054223e-006 -9.697814e-004 -4.168285e-006
-7.174960e-006 -9.658096e-004 -4.694446e-006
-8.413138e-006 -9.633860e-004 -4.916061e-006
-9.669548e-006 -9.627654e-004 -4.799609e-006
-1.082460e-005 -9.640293e-004 -4.346366e-006
-1.175477e-005 -9.669234e-004 -3.606352e-006
-1.236980e-005 -9.710993e-004 -2.676072e-006
-1.263560e-005 -9.757404e-004 -1.669897e-006
-1.281774e-005 -9.817380e-004 -6.995667e-007
-1.292846e-005 -9.879818e-004 3.110222e-007
-1.281600e-005 -9.940617e-004 1.363882e-006
-1.227739e-005 -9.997799e-004 2.348055e-006
-1.134655e-005 -1.004730e-003 3.094538e-006
-1.023184e-005 -1.008380e-003 3.580061e-006
-9.010555e-006 -1.012070e-003 3.684405e-006
-7.769031e-006 -1.010837e-003 3.658571e-006
-6.566469e-006 -1.009517e-003 3.264102e-006
-5.456843e-006 -1.006478e-003 2.599460e-006
-4.506050e-006 -1.001861e-003 1.661176e-006
-3.804659e-006 -9.959461e-004 4.610432e-007
-3.687255e-006 -9.894037e-004 -8.936825e-007
-4.192643e-006 -9.827161e-004 -2.128530e-006
-4.750897e-006 -9.773360e-004 -3.319439e-006
-5.785058e-006 -9.710859e-004 -3.980637e-006
-6.862342e-006 -9.668315e-004 -4.581329e-006
-8.078208e-006 -9.639422e-004 -4.883378e-006
-9.340667e-006 -9.627654e-004 -4.856437e-006
-1.053509e-005 -9.634782e-004 -4.490075e-006
-1.153580e-005 -9.659253e-004 -3.821518e-006
-1.224049e-005 -9.697816e-004 -2.934533e-006
-1.259768e-005 -9.746752e-004 -1.945300e-006
-1.275166e-005 -9.803552e-004 -9.702367e-007
-1.291982e-005 -9.863632e-004 4.221112e-008
-1.286913e-005 -9.925377e-004 1.087835e-006
-1.248479e-005 -9.982852e-004 2.119366e-006
-1.161457e-005 -1.003475e-003 2.924460e-006
-1.054141e-005 -1.007482e-003 3.479985e-006
-9.341475e-006 -1.010011e-003 3.745802e-006
-8.097765e-006 -1.010913e-003 3.706160e-006
-6.879914e-006 -1.010132e-003 3.385024e-006
-5.725705e-006 -1.006385e-003 2.824955e-006
-4.740845e-006 -1.003273e-003 1.941013e-006
-3.963703e-006 -9.976169e-004 8.099511e-007
-3.631727e-006 -9.910818e-004 -5.331599e-007
-4.014786e-006 -9.843910e-004 -1.819149e-006
-4.751974e-006 -9.778753e-004 -2.889129e-006
-5.536418e-006 -9.722881e-004 -3.797179e-006
-6.567755e-006 -9.675539e-004 -4.486257e-006
-7.744720e-006 -9.646113e-004 -4.837141e-006
-9.006991e-006 -9.629554e-004 -4.896184e-006
-1.023162e-005 -9.631388e-004 -4.613381e-006
-1.129541e-005 -9.650972e-004 -4.016240e-006
-1.208603e-005 -9.685502e-004 -3.177280e-006
-1.253742e-005 -9.731659e-004 -2.206169e-006
-1.267161e-005 -9.785481e-004 -1.230313e-006
-1.289578e-005 -9.848291e-004 -2.413814e-007
-1.290494e-005 -9.908789e-004 8.020596e-007
-1.266099e-005 -9.967839e-004 1.880607e-006
-1.186826e-005 -1.002249e-003 2.738491e-006
-1.084199e-005 -1.006555e-003 3.364845e-006
-9.667669e-006 -1.009460e-003 3.708426e-006
-8.427856e-006 -1.010785e-003 3.745534e-006
-7.197630e-006 -1.010473e-003 3.492964e-006
-6.032480e-006 -1.008437e-003 2.974308e-006
-4.988458e-006 -1.004702e-003 2.186923e-006
-4.145519e-006 -1.000148e-003 1.130409e-006
-3.613556e-006 -9.929738e-004 -1.792905e-007
-3.867610e-006 -9.862169e-004 -1.486934e-006
-4.578208e-006 -9.794032e-004 -2.621705e-006
-5.302150e-006 -9.735932e-004 -3.571409e-006
-6.268751e-006 -9.687197e-004 -4.315340e-006
-7.420611e-006 -9.651773e-004 -4.782084e-006
-8.671140e-006 -9.632127e-004 -4.930463e-006
-9.905184e-006 -9.627400e-004 -4.674016e-006
-1.103638e-005 -9.644744e-004 -4.200514e-006
-1.190970e-005 -9.675111e-004 -3.414333e-006
-1.245666e-005 -9.717929e-004 -2.466790e-006
-1.265176e-005 -9.769676e-004 -1.477803e-006
-1.286668e-005 -9.830315e-004 -5.095945e-007
-1.293663e-005 -9.893371e-004 5.167621e-007
-1.279421e-005 -9.951927e-004 1.519330e-006
-1.210580e-005 -1.001024e-003 2.532992e-006
-1.113211e-005 -1.005617e-003 3.230089e-006
-9.989278e-006 -1.008868e-003 3.652699e-006
-8.758734e-006 -1.010574e-003 3.769814e-006
-7.519913e-006 -1.010677e-003 3.587556e-006
-6.332616e-006 -1.009106e-003 3.135556e-006
-5.250026e-006 -1.005835e-003 2.417261e-006
-4.342507e-006 -1.001003e-003 1.430159e-006
-3.705575e-006 -9.948926e-004 1.894395e-007
-3.752453e-006 -9.879834e-004 -1.150921e-006
-4.348332e-006 -9.813369e-004 -2.338504e-006
-5.086046e-006 -9.751334e-004 -3.327984e-006
-5.990775e-006 -9.699013e-004 -4.135083e-006
-7.101395e-006 -9.659181e-004 -4.681839e-006
-8.334968e-006 -9.634814e-004 -4.922290e-006
-9.593469e-006 -9.628108e-004 -4.822147e-006
-1.075842e-005 -9.639785e-004 -4.381762e-006
-1.202243e-005 -9.664926e-004 -3.235888e-006
-1.219616e-005 -9.712038e-004 -2.687830e-006
-1.262677e-005 -9.755586e-004 -1.726302e-006
-1.280293e-005 -9.813349e-004 -7.623549e-007
-1.292799e-005 -9.876004e-004 2.440462e-007
-1.283008e-005 -9.937287e-004 1.295712e-006
-1.232741e-005 -9.994826e-004 2.293641e-006
-1.140987e-005 -1.004511e-003 3.071984e-006
-1.030466e-005 -1.008221e-003 3.571946e-006
-9.089146e-006 -1.010315e-003 3.774146e-006
-7.845846e-006 -1.010801e-003 3.669134e-006
-6.639974e-006 -1.009637e-003 3.286211e-006
-5.523772e-006 -1.006779e-003 2.636599e-006
-4.561628e-006 -1.002330e-003 1.717255e-006
-3.842366e-006 -9.965350e-004 5.377585e-007
-3.671114e-006 -9.900098e-004 -8.103284e-007
-4.148352e-006 -9.830029e-004 -2.057919e-006
-4.889286e-006 -9.768145e-004 -3.075644e-006
-5.727431e-006 -9.712908e-004 -3.938335e-006
-6.790845e-006 -9.668916e-004 -4.557148e-006
-8.000621e-006 -9.639583e-004 -4.883204e-006
-9.263286e-006 -9.627543e-004 -4.879139e-006
-1.046554e-005 -9.634370e-004 -4.530935e-006
-1.148156e-005 -9.658387e-004 -3.873985e-006
-1.220651e-005 -9.696241e-004 -2.991526e-006
-1.258550e-005 -9.744331e-004 -2.000652e-006
-1.273474e-005 -9.797438e-004 -1.015486e-006
-1.291575e-005 -9.859979e-004 -2.231954e-008
-1.287919e-005 -9.921445e-004 1.020845e-006
-1.253029e-005 -9.979272e-004 2.060396e-006
-1.167506e-005 -1.003201e-003 2.879254e-006
-1.061233e-005 -1.007305e-003 3.452473e-006
-9.428840e-006 -1.010035e-003 3.742141e-006
-8.172602e-006 -1.010867e-003 3.733368e-006
-6.948129e-006 -1.010112e-003 3.426481e-006
-5.797973e-006 -1.007645e-003 2.849411e-006
-4.782060e-006 -1.003547e-003 1.998657e-006
-3.983366e-006 -9.980411e-004 8.789065e-007
-3.623801e-006 -9.916212e-004 -4.568605e-007
-3.977952e-006 -9.849797e-004 -1.746697e-006
-4.710201e-006 -9.786009e-004 -2.808051e-006
-5.487721e-006 -9.728049e-004 -3.730433e-006
-6.490745e-006 -9.680557e-004 -4.415444e-006
-7.670145e-006 -9.646610e-004 -4.819738e-006
-8.928894e-006 -9.629096e-004 -4.905700e-006
-1.015938e-005 -9.630312e-004 -4.649533e-006
-1.123674e-005 -9.649765e-004 -4.072739e-006
-1.204667e-005 -9.684331e-004 -3.244040e-006
-1.251976e-005 -9.730396e-004 -2.272735e-006
-1.265689e-005 -9.783271e-004 -1.294750e-006
-1.288550e-005 -9.844009e-004 -2.957463e-007
-1.290638e-005 -9.906684e-004 7.433009e-007
-1.270251e-005 -9.965233e-004 1.802081e-006
-1.192520e-005 -1.001926e-003 2.689664e-006
-1.091061e-005 -1.006327e-003 3.331870e-006
-9.743085e-006 -1.009342e-003 3.694348e-006
-8.504905e-006 -1.010775e-003 3.751425e-006
-7.272304e-006 -1.010564e-003 3.517030e-006
-5.922515e-006 -1.009527e-003 2.876089e-006
-5.048169e-006 -1.004787e-003 2.250502e-006
-4.187316e-006 -9.995831e-004 1.203367e-006
-3.630160e-006 -9.932632e-004 -9.484722e-008
-3.838026e-006 -9.866546e-004 -1.420490e-006
-4.521447e-006 -9.799476e-004 -2.564928e-006
-5.250200e-006 -9.740829e-004 -3.520850e-006
-6.202670e-006 -9.690603e-004 -4.260532e-006
-7.345465e-006 -9.654779e-004 -4.744547e-006
-8.592673e-006 -9.632643e-004 -4.913735e-006
-9.842364e-006 -9.628387e-004 -4.744035e-006
-1.097272e-005 -9.642625e-004 -4.245747e-006
-1.186266e-005 -9.672894e-004 -3.475651e-006
-1.242891e-005 -9.715919e-004 -2.533733e-006
-1.264287e-005 -9.767868e-004 -1.540520e-006
-1.284549e-005 -9.828210e-004 -5.700799e-007
-1.293448e-005 -9.890313e-004 4.171860e-007
-1.266592e-005 -9.957485e-004 1.549720e-006
-1.215945e-005 -1.000664e-003 2.481341e-006
-1.119810e-005 -1.005342e-003 3.192831e-006
-1.006341e-005 -1.008701e-003 3.632873e-006
-8.835811e-006 -1.010524e-003 3.769383e-006
-7.595529e-006 -1.010742e-003 3.605585e-006
-6.403536e-006 -1.009280e-003 3.171194e-006
-5.312622e-006 -1.006105e-003 2.470724e-006
-4.399978e-006 -1.001345e-003 1.496212e-006
-3.735354e-006 -9.950131e-004 2.804758e-007
-3.730592e-006 -9.883728e-004 -1.072939e-006
-4.299192e-006 -9.816304e-004 -2.281587e-006
-5.038569e-006 -9.754496e-004 -3.283040e-006
-5.928181e-006 -9.702474e-004 -4.103000e-006
-7.028235e-006 -9.662455e-004 -4.661933e-006
-8.248690e-006 -9.643903e-004 -4.921822e-006
-9.515813e-006 -9.628272e-004 -4.819787e-006
-1.068861e-005 -9.637545e-004 -4.399585e-006
-1.165041e-005 -9.663323e-004 -3.690469e-006
-1.230549e-005 -9.702693e-004 -2.783583e-006
-1.261064e-005 -9.752229e-004 -1.796189e-006
-1.278830e-005 -9.810350e-004 -8.314003e-007
-1.292660e-005 -9.873453e-004 1.759037e-007
-1.284322e-005 -9.935016e-004 1.230665e-006
-1.237630e-005 -9.991370e-004 2.252936e-006
-1.147326e-005 -1.004318e-003 3.030531e-006
-1.037713e-005 -1.008026e-003 3.549338e-006
-9.165955e-006 -1.010223e-003 3.769446e-006
-7.922215e-006 -1.010822e-003 3.681707e-006
-6.712466e-006 -1.009781e-003 3.315023e-006
-5.589017e-006 -1.007041e-003 2.682576e-006
-4.614969e-006 -1.002693e-003 1.780970e-006
-3.877574e-006 -9.969692e-004 6.180551e-007
-3.656724e-006 -9.901422e-004 -7.253119e-007
-4.105782e-006 -9.834661e-004 -1.976903e-006
-4.846336e-006 -9.769774e-004 -3.020881e-006
-5.668393e-006 -9.714502e-004 -3.902273e-006
-6.720038e-006 -9.670646e-004 -4.540061e-006
